-0.54737
-0.969499
3.05452
-0.54947
-0.96531
3.0573
-0.552636
-0.938068
3.05135
-0.481992
-0.872619
3.18666
-0.612956
-1.0125
2.96427
-0.686995
-1.06938
2.85283
-0.549361
-1.06644
2.72832
-0.503483
-1.06546
2.68964
-0.401015
-1.06648
3.00451
-0.309588
-1.10719
2.90019
-0.350458
-1.08334
2.718
-0.364082
-1.07539
2.66009
-0.584664
-1.01939
3.00357
-0.564457
-1.09569
2.74091
-0.54368
-1.17415
2.46294
-0.52969
-1.16737
2.39583
-0.48929
-1.04368
3.08464
-0.265115
-1.08788
2.79784
-0.139187
-1.11272
2.62489
-0.124
-1.10212
2.56904
-0.549731
-0.974034
3.06132
-0.55081
-0.967406
3.06179
-0.553545
-0.938753
3.05076
-0.476443
-0.86754
3.1899
-0.650566
-1.01031
2.97111
-0.678989
-1.08598
2.8461
-0.534554
-1.07044
2.71582
-0.486679
-1.07259
2.73127
-0.40523
-1.06497
3.01054
-0.308992
-1.10782
2.90073
-0.353301
-1.0824
2.70931
-0.375083
-1.06258
2.65065
-0.601265
-1.02395
3.05684
-0.496931
-1.06124
2.75824
-0.421987
-1.09654
2.50637
-0.411207
-1.10188
2.43455
-0.491516
-1.04587
3.09622
-0.400373
-1.05493
2.74041
-0.33355
-1.06327
2.52581
-0.325078
-1.06635
2.45558
-0.549475
-0.974758
3.06267
-0.550203
-0.967707
3.0626
-0.5409
-0.951889
3.05073
-0.490167
-0.85608
3.1843
-0.643698
-1.01367
2.96826
-0.719327
-1.07592
2.89416
-0.54546
-1.07236
2.86132
-0.483732
-1.07782
2.87597
-0.406434
-1.06421
3.01229
-0.307061
-1.11078
2.90706
-0.352613
-1.08367
2.71261
-0.377582
-1.05972
2.64831
-0.618719
-0.985055
3.0755
-0.591589
-0.999075
2.70214
-0.543225
-1.05402
2.74117
-0.472165
-1.05964
2.70471
-0.517254
-1.00209
3.09094
-0.346794
-1.1112
2.90312
-0.354176
-1.05531
2.65088
-0.420238
-1.05832
2.66889
-0.502388
-1.01668
3.03223
-0.509771
-1.00704
3.03819
-0.534019
-0.95853
3.0498
-0.519815
-0.841163
3.15763
-0.636787
-1.01497
2.96678
-0.734867
-1.07109
2.92805
-0.55792
-1.0707
2.87589
-0.508179
-1.07284
2.87781
-0.407187
-1.06373
3.01305
-0.385012
-1.0794
2.88229
-0.368082
-1.07554
2.7012
-0.380071
-1.05802
2.64278
-0.525033
-1.04565
3.00776
-0.498588
-1.01783
2.70929
-0.440621
-1.00616
2.51739
-0.40901
-0.979952
2.46325
-0.432506
-1.06446
3.01858
-0.455236
-1.06518
2.77716
-0.302577
-1.05549
2.72541
-0.382492
-1.05738
2.7312
-0.497123
-1.02205
3.02959
-0.503571
-1.01386
3.0351
-0.520884
-0.984191
3.04171
-0.535803
-0.856102
3.1276
-0.631561
-1.01577
2.96562
-0.741884
-1.0685
2.94211
-0.56948
-1.06862
2.88613
-0.525343
-1.0689
2.87576
-0.408479
-1.06273
3.0134
-0.494984
-1.05662
2.98417
-0.461256
-1.06177
2.84344
-0.383243
-1.05671
2.64068
-0.551867
-1.03376
3.04827
-0.480718
-1.0179
2.73604
-0.631912
-1.0538
2.75517
-0.562102
-1.05139
2.73037
-0.459744
-1.04977
3.0366
-0.482341
-1.05845
2.76299
-0.423184
-1.04733
2.58836
-0.440856
-1.04916
2.51948
-0.502925
-1.0113
3.03389
-0.505984
-1.00777
3.03743
-0.517545
-0.989587
3.04011
-0.541608
-0.856948
3.11961
-0.629346
-1.01644
2.96471
-0.746537
-1.00029
2.95971
-0.588942
-1.03035
2.88193
-0.536959
-1.04185
2.87828
-0.409918
-1.06137
3.01425
-0.461666
-1.04849
2.90548
-0.435711
-1.05795
2.74063
-0.383624
-1.05532
2.63886
-0.56941
-1.03697
3.02575
-0.375605
-0.977625
2.98642
-0.503167
-1.01715
2.81691
-0.439937
-1.02214
2.77978
-0.472542
-1.05187
3.0547
-0.503829
-1.04814
2.74394
-0.324545
-1.0638
2.70843
-0.396219
-1.06221
2.70983
-0.539807
-1.00264
3.05671
-0.539322
-0.995816
3.05647
-0.540981
-0.96685
3.04252
-0.511092
-0.865805
3.132
-0.627645
-1.01691
2.96401
-0.748233
-0.971717
2.96638
-0.598441
-1.01035
2.8774
-0.542906
-1.02545
2.87777
-0.410776
-1.06064
3.01478
-0.513583
-1.05265
3.03027
-0.467796
-1.06447
2.87727
-0.384641
-1.05499
2.63702
-0.602143
-1.03697
3.06875
-0.342691
-0.977838
3.11134
-0.48996
-1.01792
2.88794
-0.424027
-1.02891
2.84233
-0.498384
-1.05405
3.07023
-0.324894
-1.07774
2.80617
-0.402042
-1.04618
2.68217
-0.477774
-1.04901
2.70445
-0.561028
-0.995042
3.10047
-0.559166
-0.984026
3.09209
-0.552342
-0.952028
3.04702
-0.485936
-0.867936
3.14487
-0.626579
-1.01723
2.96352
-0.750706
-0.961313
2.97128
-0.605149
-1.00323
2.87543
-0.547594
-1.02015
2.88096
-0.412451
-1.05879
3.01494
-0.527761
-1.05336
3.09112
-0.48479
-1.06037
2.9214
-0.385107
-1.05515
2.63418
-0.622093
-1.03722
3.10084
-0.371232
-0.966721
3.06495
-0.490147
-1.02627
2.8208
-0.419953
-1.04103
2.79052
-0.521163
-1.05362
3.18074
-0.28637
-1.07619
2.94756
-0.365897
-1.05905
2.73435
-0.445709
-1.05991
2.7536
-0.562402
-0.990251
3.10001
-0.562475
-0.980224
3.0952
-0.556452
-0.945857
3.0483
-0.473782
-0.870016
3.15069
-0.625331
-1.01759
2.963
-0.745694
-1.009
2.97665
-0.607572
-1.01792
2.87106
-0.552211
-1.03573
2.88838
-0.412353
-1.05889
3.015
-0.433505
-1.06001
2.91729
-0.424143
-1.06215
2.74046
-0.384347
-1.05522
2.63253
-0.620327
-1.03423
3.10703
-0.38232
-0.968792
2.95036
-0.547371
-1.05253
2.79582
-0.475263
-1.06013
2.76618
-0.502888
-1.04908
3.1169
-0.442593
-1.04774
2.78922
-0.3123
-1.07261
2.76582
-0.391736
-1.07084
2.7766
-0.521551
0.11626
1.69326
-0.501419
0.173083
1.74621
-0.514382
0.51291
1.75938
-0.520792
0.720705
1.6736
-0.739587
0.436733
1.86876
-0.711551
0.159519
1.71308
-0.444149
0.186045
1.55075
-0.355015
0.194887
1.50109
-0.35886
0.393162
1.69822
-0.248699
0.19504
1.68576
-0.531113
0.0910304
1.61053
-0.510886
0.0192856
1.5887
-0.608795
0.0386278
1.69855
-0.493718
-0.327924
1.51271
-0.494077
-0.695243
1.36068
-0.532268
-0.718822
1.25564
-0.437467
0.0190206
1.65294
-0.482614
-0.366456
1.51395
-0.41202
-0.747978
1.38686
-0.441894
-0.778554
1.28094
-0.561172
-0.989097
3.09562
-0.562489
-0.978687
3.09327
-0.558914
-0.942205
3.04906
-0.467468
-0.871072
3.15364
-0.623852
-1.01797
2.96243
-0.738543
-1.04433
2.94571
-0.599958
-1.03906
2.84361
-0.548879
-1.0528
2.87604
-0.412634
-1.05861
3.01499
-0.490661
-1.04361
3.00735
-0.466044
-1.05033
2.84067
-0.435586
-1.05147
2.74944
-0.614333
-1.03295
3.10636
-0.379788
-0.964121
2.93915
-0.560126
-1.0597
2.79054
-0.486174
-1.06766
2.76308
-0.502123
-1.04849
3.1135
-0.419708
-1.05255
2.77865
-0.266897
-1.07178
2.68316
-0.34484
-1.06963
2.70638
-0.524067
0.114172
1.69828
-0.505078
0.170931
1.75191
-0.51694
0.512033
1.76636
-0.52223
0.716281
1.68513
-0.736902
0.427341
1.865
-0.728897
0.171548
1.7365
-0.602206
0.0802163
1.56677
-0.579772
0.0346192
1.51491
-0.361295
0.392617
1.70919
-0.255204
0.194597
1.70198
-0.510958
0.133349
1.58404
-0.552677
0.0670283
1.58114
-0.610201
0.0366301
1.70195
-0.49563
-0.33671
1.51639
-0.491071
-0.689322
1.36328
-0.525441
-0.71134
1.25935
-0.441412
0.0197419
1.65997
-0.482726
-0.361608
1.52187
-0.412839
-0.737856
1.38862
-0.439648
-0.766053
1.28396
-0.551936
-0.998075
3.06177
-0.556808
-0.985153
3.07353
-0.561318
-0.937849
3.05152
-0.464569
-0.870149
3.15695
-0.633779
-0.995828
2.99258
-0.721988
-1.05403
2.92271
-0.570581
-1.04876
2.84098
-0.512705
-1.05792
2.85673
-0.414675
-1.0558
3.016
-0.433012
-1.09943
3.056
-0.334344
-1.07921
2.92313
-0.276816
-1.0889
2.9386
-0.585646
-1.03975
3.02081
-0.411033
-1.03959
2.73798
-0.357553
-1.07465
2.53904
-0.330704
-1.05815
2.48761
-0.488529
-1.05535
3.05745
-0.422617
-1.05157
2.70825
-0.327456
-1.06181
2.52944
-0.345419
-1.04176
2.48031
-0.527353
0.112254
1.70598
-0.510516
0.16848
1.76156
-0.52195
0.509751
1.77806
-0.525209
0.712108
1.70465
-0.736107
0.422199
1.86392
-0.732485
0.173137
1.74152
-0.659321
0.0152372
1.59372
-0.633334
-0.0370483
1.54644
-0.368047
0.390229
1.73157
-0.262412
0.19375
1.72342
-0.50352
0.146904
1.57784
-0.568114
0.0851062
1.58156
-0.611883
0.0349713
1.70707
-0.49713
-0.338941
1.52181
-0.48976
-0.687703
1.3661
-0.521783
-0.708983
1.26294
-0.446307
0.0208101
1.67039
-0.482913
-0.358387
1.52966
-0.412922
-0.734212
1.39107
-0.437839
-0.761004
1.28708
-0.545076
-1.00464
3.04356
-0.552742
-0.991098
3.06267
-0.564251
-0.92842
3.07093
-0.465022
-0.864059
3.16953
-0.652995
-0.988644
2.99394
-0.644312
-1.06774
2.88259
-0.484969
-1.05275
2.81661
-0.426959
-1.05146
2.80969
-0.433028
-1.01111
3.04353
-0.362282
-1.0916
3.05238
-0.227324
-1.08827
2.97701
-0.179752
-1.10124
3.02482
-0.57336
-1.04664
2.98649
-0.484666
-1.06088
2.68742
-0.397625
-1.08476
2.43944
-0.379099
-1.05486
2.37613
-0.476927
-1.05932
3.02429
-0.46712
-1.06099
2.65405
-0.41625
-1.07109
2.44939
-0.402804
-1.04017
2.3947
-0.533792
0.108997
1.72255
-0.52009
0.164652
1.78036
-0.530977
0.506203
1.79919
-0.533619
0.707932
1.73385
-0.737387
0.41501
1.86541
-0.736821
0.172454
1.74742
-0.693595
-0.0128985
1.60722
-0.679705
-0.0757477
1.56369
-0.37687
0.388314
1.76314
-0.270918
0.192647
1.75298
-0.460884
0.162061
1.60127
-0.559483
0.104864
1.59642
-0.616884
0.0309317
1.72161
-0.499317
-0.338544
1.54024
-0.486429
-0.685373
1.37426
-0.514336
-0.705595
1.27203
-0.45288
0.0213415
1.68709
-0.482442
-0.353529
1.54455
-0.413296
-0.729939
1.39632
-0.435661
-0.755243
1.29287
-0.541464
-1.00898
3.03107
-0.549446
-0.999814
3.04777
-0.568705
-0.946631
3.06036
-0.565152
-0.840525
3.11001
-0.653478
-0.987633
2.99625
-0.633899
-1.06835
2.86309
-0.46869
-1.04557
2.83008
-0.411519
-1.03677
2.82962
-0.451
-0.971459
3.0621
-0.304354
-1.05517
3.04786
-0.145109
-1.09776
3.03047
-0.0894427
-1.11426
3.08175
-0.565674
-1.05125
2.96463
-0.516468
-1.0683
2.68017
-0.402191
-1.08183
2.38131
-0.397335
-1.04378
2.31602
-0.472814
-1.05608
3.00889
-0.388154
-1.05961
2.66564
-0.346699
-1.06935
2.43625
-0.317478
-1.03381
2.37272
-0.541956
0.108124
1.74332
-0.530657
0.163146
1.80205
-0.541331
0.503471
1.82359
-0.542317
0.705586
1.76111
-0.746274
0.406225
1.87497
-0.743828
0.168696
1.75659
-0.712334
-0.02699
1.61584
-0.688473
-0.0783712
1.57435
-0.385824
0.387728
1.79266
-0.281194
0.190466
1.789
-0.435883
0.169061
1.62026
-0.628953
0.071042
1.62147
-0.623841
0.0287723
1.73843
-0.499409
-0.336633
1.56201
-0.482371
-0.681819
1.38744
-0.506151
-0.700933
1.28538
-0.460523
0.0229536
1.70919
-0.481355
-0.349778
1.55949
-0.414848
-0.724832
1.40457
-0.434534
-0.748825
1.30113
-0.529802
-1.02764
2.97936
-0.538265
-1.0244
2.998
-0.568245
-0.958741
3.05322
-0.596443
-0.836727
3.08951
-0.633054
-0.99635
2.97361
-0.636729
-1.06691
2.84433
-0.463291
-1.04499
2.83133
-0.405994
-1.03436
2.83007
-0.457381
-0.980884
3.05603
-0.291395
-1.05495
3.02962
-0.115648
-1.10191
3.04928
-0.0744187
-1.11729
3.07762
-0.547684
-1.05789
2.90354
-0.434219
-1.0641
2.65976
-0.287039
-1.06334
2.38259
-0.263544
-1.01278
2.33691
-0.476754
-1.0556
2.96406
-0.330513
-1.07116
2.71973
-0.19864
-1.08629
2.49013
-0.156282
-1.04053
2.43909
-0.548334
0.107613
1.76049
-0.538843
0.162293
1.8195
-0.549558
0.502216
1.84241
-0.549064
0.705091
1.78161
-0.756293
0.400913
1.88638
-0.750703
0.164137
1.7661
-0.704555
-0.0275973
1.63664
-0.66666
-0.0769965
1.60425
-0.393636
0.389342
1.81728
-0.290454
0.189526
1.81819
-0.422084
0.171384
1.63686
-0.663886
0.0519248
1.63911
-0.629774
0.027312
1.75267
-0.491406
-0.348934
1.57869
-0.480056
-0.678993
1.39986
-0.500698
-0.697073
1.29718
-0.466269
0.0237342
1.72885
-0.479166
-0.347202
1.57399
-0.416465
-0.721018
1.41559
-0.43334
-0.744009
1.31174
-0.508642
-1.03771
2.98926
-0.520958
-1.03461
3.00351
-0.565615
-0.964494
3.05017
-0.61383
-0.834084
3.07891
-0.617482
-1.00172
2.9716
-0.628528
-1.06584
2.835
-0.453603
-1.0435
2.8142
-0.397708
-1.03316
2.81244
-0.457117
-0.956312
3.06898
-0.296029
-1.04862
3.02617
-0.125448
-1.09653
3.05036
-0.084002
-1.10976
3.06767
-0.521684
-1.07854
2.95109
-0.409176
-1.06387
2.68029
-0.400454
-1.06792
2.46595
-0.346294
-1.05515
2.42786
-0.453346
-1.0497
2.99814
-0.238466
-1.10014
2.89088
-0.257938
-1.13479
2.6387
-0.242476
-1.10323
2.58712
-0.553954
0.107841
1.77579
-0.546324
0.162269
1.83522
-0.557743
0.502446
1.86039
-0.556637
0.694954
1.80751
-0.763436
0.398237
1.8945
-0.75641
0.160159
1.77442
-0.68944
-0.0195225
1.6536
-0.649491
-0.0677967
1.62262
-0.399918
0.392704
1.83806
-0.298123
0.191155
1.84388
-0.415253
0.167853
1.65984
-0.680899
0.0428553
1.65067
-0.635061
0.0266461
1.76514
-0.476352
-0.329421
1.6093
-0.476823
-0.672982
1.42033
-0.494466
-0.690145
1.3167
-0.471133
0.0250543
1.74636
-0.477059
-0.345716
1.58527
-0.416847
-0.716736
1.43121
-0.430136
-0.738991
1.32712
-0.500314
-1.04785
2.99527
-0.513984
-1.04331
3.00737
-0.56331
-0.968963
3.04609
-0.624378
-0.833907
3.07183
-0.60625
-1.00585
2.96942
-0.625656
-1.06503
2.83053
-0.502636
-1.0568
2.7419
-0.44962
-1.05085
2.72114
-0.478916
-0.974018
3.04283
-0.3016
-1.04277
3.01792
-0.154762
-1.09216
3.0184
-0.10571
-1.10506
3.03757
-0.508382
-1.09347
2.94786
-0.389616
-1.06581
2.6793
-0.36103
-1.06591
2.47138
-0.300569
-1.06135
2.43915
-0.453129
-1.06525
3.02516
-0.2128
-1.10549
2.93798
-0.172022
-1.1564
2.70661
-0.139987
-1.1274
2.64198
-0.557411
0.108073
1.78693
-0.551384
0.162443
1.84664
-0.563368
0.503549
1.87339
-0.561819
0.68548
1.82811
-0.76864
0.39717
1.90041
-0.761199
0.157058
1.78182
-0.672224
-0.00482793
1.66799
-0.625836
-0.0466922
1.63685
-0.404613
0.396323
1.85571
-0.304229
0.19286
1.86465
-0.413154
0.163715
1.68027
-0.598116
0.0817725
1.68311
-0.638341
0.0263496
1.77391
-0.643481
-0.375283
1.7726
-0.466475
-0.58435
1.48287
-0.405936
-0.615535
1.4906
-0.473876
0.026008
1.76
-0.47406
-0.344059
1.59679
-0.413122
-0.70761
1.45582
-0.421083
-0.72953
1.35217
-0.496172
-1.05312
2.99973
-0.510138
-1.04808
3.01179
-0.556305
-0.97335
3.04161
-0.623057
-0.841016
3.06714
-0.58686
-1.0024
2.97964
-0.617839
-1.06486
2.84122
-0.530634
-1.06665
2.72436
-0.517584
-1.07215
2.67879
-0.478433
-0.98111
3.03793
-0.299943
-1.03985
3.01565
-0.180046
-1.09011
2.99823
-0.129011
-1.10195
3.01076
-0.504262
-1.09795
2.95829
-0.377601
-1.06123
2.71327
-0.374109
-1.0666
2.51456
-0.305957
-1.0721
2.48328
-0.451782
-1.06885
3.03276
-0.219202
-1.10564
2.94112
-0.136438
-1.16618
2.75912
-0.105511
-1.14414
2.69903
-0.560304
0.108889
1.7976
-0.555932
0.163329
1.85736
-0.568347
0.505115
1.88407
-0.565176
0.678479
1.84294
-0.772666
0.397047
1.90485
-0.76529
0.154872
1.78808
-0.657752
0.0117431
1.67624
-0.607719
-0.0248933
1.64327
-0.40843
0.400177
1.87084
-0.309174
0.195887
1.88248
-0.413817
0.160946
1.6985
-0.542678
0.110098
1.70733
-0.640972
0.0266504
1.78197
-0.674281
-0.38301
1.8197
-0.456134
-0.542392
1.51852
-0.379855
-0.59791
1.54505
-0.476059
0.0276536
1.77415
-0.470849
-0.341688
1.60966
-0.405663
-0.695282
1.48397
-0.407677
-0.717315
1.38101
-0.489871
-1.05545
3.00948
-0.505209
-1.05041
3.0202
-0.551309
-0.976328
3.03884
-0.615566
-0.85006
3.06553
-0.57686
-1.00148
2.98336
-0.60751
-1.06717
2.85179
-0.542096
-1.07119
2.71204
-0.537202
-1.08009
2.66092
-0.46832
-0.969345
3.05258
-0.302683
-1.02926
3.02166
-0.198377
-1.08514
2.98903
-0.146874
-1.09699
2.99739
-0.487946
-1.09669
2.99783
-0.376184
-1.05826
2.75064
-0.383696
-1.06753
2.55024
-0.31307
-1.07777
2.5177
-0.44675
-1.0673
3.03954
-0.222969
-1.10603
2.95038
-0.0819183
-1.14961
2.96518
-0.0429084
-1.12812
2.94004
-0.562439
0.109737
1.8068
-0.559701
0.164272
1.86667
-0.573607
0.507271
1.89438
-0.568293
0.674643
1.85495
-0.775408
0.39719
1.90782
-0.768105
0.153462
1.79251
-0.642376
0.0273007
1.68379
-0.589398
-0.00583113
1.65022
-0.411725
0.404052
1.88296
-0.312894
0.198971
1.89647
-0.417702
0.152156
1.71906
-0.458133
0.134047
1.73024
-0.642687
0.026768
1.78849
-0.688074
-0.422671
1.84306
-0.443497
-0.524859
1.54271
-0.36613
-0.605414
1.57132
-0.477736
0.0306021
1.78766
-0.4671
-0.338247
1.62474
-0.399247
-0.684139
1.50589
-0.396768
-0.705823
1.40368
-0.480201
-1.05789
3.02187
-0.497393
-1.05157
3.032
-0.545256
-0.975156
3.03938
-0.613305
-0.853579
3.06216
-0.560781
-1.00636
2.97972
-0.594295
-1.07382
2.85705
-0.548688
-1.07292
2.70535
-0.548551
-1.08403
2.65065
-0.468581
-0.96665
3.05307
-0.341527
-1.03189
3.01994
-0.214163
-1.08092
2.98113
-0.162302
-1.09282
2.98679
-0.478289
-1.09616
3.01846
-0.380364
-1.05769
2.77351
-0.391211
-1.0686
2.57531
-0.322827
-1.07991
2.58731
-0.443415
-1.06594
3.0437
-0.227042
-1.10608
2.95436
-0.18345
-1.11352
2.77631
-0.207432
-1.09645
2.71352
-0.563759
0.110526
1.815
-0.562605
0.165233
1.8747
-0.577954
0.509175
1.90221
-0.570304
0.672939
1.86338
-0.77777
0.397753
1.9101
-0.770328
0.152728
1.79599
-0.629485
0.0436513
1.68827
-0.574176
0.0142518
1.6539
-0.414752
0.40719
1.89309
-0.316016
0.202963
1.90891
-0.418641
0.138622
1.73886
-0.4356
0.13135
1.72168
-0.643631
0.0268676
1.79434
-0.686413
-0.434097
1.8457
-0.437765
-0.515723
1.55505
-0.347732
-0.591214
1.61072
-0.47826
0.0330674
1.7992
-0.46498
-0.336066
1.64205
-0.394135
-0.675974
1.52161
-0.388271
-0.697008
1.41984
-0.564266
0.110971
1.82359
-0.564933
0.166019
1.8827
-0.582188
0.51094
1.90898
-0.572065
0.672565
1.86995
-0.779636
0.398384
1.91171
-0.772372
0.15252
1.79918
-0.576419
0.0843814
1.69727
-0.506782
0.0635975
1.66359
-0.417833
0.410681
1.90278
-0.318436
0.20694
1.91847
-0.420464
0.133995
1.75029
-0.420891
0.133828
1.72093
-0.643317
0.0265803
1.80142
-0.683077
-0.445085
1.84988
-0.432593
-0.51477
1.56335
-0.34722
-0.598153
1.61915
-0.477902
0.0349988
1.81066
-0.462735
-0.335156
1.65333
-0.388619
-0.669696
1.54167
-0.379514
-0.691525
1.44048
-0.564569
0.110613
1.83153
-0.5669
0.166243
1.88993
-0.58562
0.512248
1.91404
-0.573833
0.67309
1.87501
-0.781095
0.398965
1.9128
-0.775276
0.153462
1.80384
-0.523571
0.109911
1.70033
-0.442839
0.0920848
1.66602
-0.420147
0.413424
1.91034
-0.320285
0.210146
1.92563
-0.441339
0.117329
1.74305
-0.4408
0.110444
1.67807
-0.642519
0.0254549
1.80879
-0.678372
-0.454717
1.85397
-0.427785
-0.550413
1.57182
-0.360392
-0.638434
1.61698
-0.477723
0.0356531
1.82039
-0.456848
-0.33735
1.66484
-0.385018
-0.666999
1.55975
-0.37404
-0.690009
1.45902
-0.564501
0.109896
1.83959
-0.568542
0.166288
1.89699
-0.588623
0.513318
1.91797
-0.575653
0.674557
1.87895
-0.782253
0.399529
1.91354
-0.776853
0.15384
1.80642
-0.509799
0.119238
1.70285
-0.428521
0.105205
1.6728
-0.422057
0.415717
1.91707
-0.321889
0.213415
1.93194
-0.452598
0.108228
1.73886
-0.477164
0.0800022
1.6498
-0.641143
0.0241074
1.8167
-0.666705
-0.459619
1.85008
-0.590442
-0.697537
1.81097
-0.504644
-0.734019
1.79454
-0.477149
0.0354843
1.83069
-0.449192
-0.341669
1.67724
-0.383267
-0.664899
1.57621
-0.371151
-0.689063
1.47581
-0.564062
0.108957
1.84784
-0.569837
0.16622
1.90415
-0.591585
0.514273
1.92131
-0.577275
0.676319
1.88175
-0.78315
0.400054
1.914
-0.778076
0.154246
1.80854
-0.505344
0.124071
1.70519
-0.427265
0.112194
1.68028
-0.423414
0.417439
1.9225
-0.323241
0.2167
1.93756
-0.458587
0.103432
1.73817
-0.448453
0.0658016
1.66458
-0.639329
0.0226482
1.82503
-0.655956
-0.461308
1.84633
-0.612261
-0.724657
1.85982
-0.534654
-0.763414
1.84237
-0.47604
0.0347898
1.84125
-0.442156
-0.346002
1.68861
-0.38243
-0.663297
1.59427
-0.369594
-0.689069
1.49445
-0.563518
0.108165
1.85488
-0.570789
0.166165
1.91039
-0.593978
0.51501
1.92388
-0.578584
0.677955
1.8836
-0.783842
0.400539
1.91424
-0.779052
0.154717
1.81032
-0.510615
0.123255
1.70709
-0.435187
0.112949
1.68651
-0.424274
0.418921
1.92734
-0.324337
0.219126
1.94189
-0.462774
0.100126
1.73756
-0.469738
0.0564463
1.65878
-0.637659
0.0214825
1.8323
-0.647631
-0.463028
1.84506
-0.625278
-0.73331
1.87484
-0.548998
-0.771071
1.86093
-0.475009
0.0340892
1.84958
-0.433124
-0.355443
1.70323
-0.38209
-0.662298
1.6096
-0.368887
-0.689046
1.51002
-0.562821
0.10749
1.86072
-0.571345
0.166135
1.91556
-0.595758
0.515573
1.92574
-0.579752
0.679498
1.8848
-0.784388
0.40097
1.91427
-0.779888
0.155235
1.81194
-0.519699
0.119327
1.70876
-0.446089
0.109299
1.69199
-0.424826
0.420158
1.93135
-0.325506
0.221991
1.94631
-0.464748
0.0976589
1.7377
-0.461076
0.05131
1.6624
-0.636076
0.020524
1.83833
-0.641556
-0.464324
1.8449
-0.624126
-0.731825
1.87799
-0.552319
-0.776175
1.8705
-0.473875
0.0334264
1.85657
-0.426637
-0.36394
1.71518
-0.385505
-0.635196
1.64452
-0.306041
-0.645179
1.59409
-0.562207
0.106813
1.86546
-0.571692
0.166033
1.91977
-0.597061
0.515979
1.92706
-0.580669
0.680821
1.88547
-0.784817
0.401362
1.91416
-0.780584
0.155678
1.81334
-0.53039
0.113326
1.71176
-0.456612
0.103203
1.69678
-0.425143
0.421051
1.93435
-0.326773
0.225793
1.95145
-0.465458
0.0955273
1.738
-0.464781
0.0480695
1.66702
-0.634749
0.0196614
1.84323
-0.636897
-0.465579
1.84541
-0.621239
-0.731145
1.88303
-0.552536
-0.780397
1.87325
-0.473046
0.0325926
1.86234
-0.422015
-0.370761
1.72575
-0.38609
-0.621987
1.66662
-0.266896
-0.619623
1.64964
-0.561715
0.106283
1.86882
-0.571891
0.165917
1.92281
-0.598002
0.516264
1.92801
-0.581419
0.681906
1.88575
-0.785151
0.401711
1.91393
-0.781139
0.156012
1.81451
-0.538815
0.107073
1.71549
-0.464975
0.0946241
1.70153
-0.425313
0.421768
1.93671
-0.327887
0.22876
1.95566
-0.463751
0.0927194
1.7391
-0.47478
0.0514951
1.67764
-0.633762
0.0190211
1.84665
-0.633428
-0.466364
1.84602
-0.619272
-0.727836
1.8847
-0.555201
-0.783155
1.86997
-0.472454
0.0319437
1.86632
-0.418607
-0.377598
1.73663
-0.386132
-0.616416
1.67841
-0.252252
-0.610568
1.67208
-0.561291
0.105888
1.87117
-0.571964
0.165814
1.92497
-0.598683
0.516468
1.92868
-0.582058
0.682794
1.8857
-0.785416
0.40203
1.91362
-0.781823
0.156303
1.81592
-0.539041
0.0930302
1.72578
-0.478161
0.0996384
1.70523
-0.425391
0.422293
1.93843
-0.329747
0.234043
1.96317
-0.45459
0.0873008
1.74541
-0.484582
0.0577742
1.6933
-0.633034
0.0185615
1.84898
-0.630525
-0.466635
1.84672
-0.611478
-0.717529
1.87562
-0.653367
-0.745809
1.85556
-0.471905
0.031436
1.86912
-0.416486
-0.383401
1.74545
-0.386067
-0.61326
1.68621
-0.34393
-0.642103
1.60409
-0.560899
0.105552
1.87285
-0.571944
0.165696
1.92653
-0.599188
0.516609
1.92915
-0.582556
0.683477
1.88531
-0.78561
0.402313
1.91325
-0.78322
0.156471
1.81895
-0.538428
0.0762024
1.73827
-0.485333
0.102244
1.70818
-0.42542
0.422671
1.93967
-0.331258
0.23784
1.96898
-0.444845
0.0806681
1.75367
-0.491307
0.0619752
1.70875
-0.632469
0.0181985
1.8506
-0.628168
-0.466578
1.84742
-0.60479
-0.70799
1.86487
-0.6827
-0.736266
1.85081
-0.471348
0.0309677
1.87116
-0.414939
-0.389235
1.75338
-0.385771
-0.613052
1.69246
-0.373435
-0.673722
1.64745
-0.560515
0.105274
1.87406
-0.571848
0.165581
1.92767
-0.599568
0.516692
1.92946
-0.582938
0.68399
1.8845
-0.785745
0.402579
1.91284
-0.784936
0.156518
1.82273
-0.539162
0.0669131
1.7447
-0.489834
0.103398
1.7106
-0.425405
0.422956
1.94058
-0.332393
0.239988
1.97277
-0.439489
0.0764747
1.75889
-0.495764
0.0643473
1.7195
-0.632013
0.0179176
1.85174
-0.626047
-0.466168
1.84812
-0.601372
-0.702792
1.85903
-0.70527
-0.725436
1.84388
-0.470674
0.0305157
1.87272
-0.413854
-0.39429
1.75949
-0.385799
-0.61592
1.69751
-0.402501
-0.695546
1.65083
-0.560043
0.105045
1.87495
-0.571635
0.16547
1.92852
-0.599847
0.516731
1.92962
-0.583152
0.684352
1.88343
-0.785831
0.402824
1.91242
-0.786399
0.156137
1.82637
-0.539849
0.0609509
1.74848
-0.492783
0.103856
1.71245
-0.425312
0.423212
1.94132
-0.33334
0.241208
1.97547
-0.436323
0.0736081
1.76237
-0.498729
0.0656667
1.72688
-0.631564
0.0176836
1.8525
-0.624021
-0.465455
1.84879
-0.599396
-0.699747
1.85562
-0.716793
-0.720425
1.84087
-0.469688
0.0300946
1.87402
-0.412263
-0.404192
1.76622
-0.386057
-0.632622
1.70522
-0.419067
-0.710057
1.65325
-0.559417
0.104869
1.87561
-0.571245
0.165371
1.92918
-0.600021
0.516728
1.92968
-0.583172
0.684586
1.88227
-0.785827
0.403077
1.91198
-0.787428
0.155691
1.82925
-0.540278
0.0572006
1.75091
-0.494798
0.104072
1.71396
-0.425109
0.423495
1.94196
-0.334105
0.241989
1.97744
-0.43436
0.0716394
1.76489
-0.500789
0.0664754
1.73221
-0.63103
0.0174973
1.85291
-0.62218
-0.464674
1.84945
-0.598137
-0.697757
1.85345
-0.723472
-0.717145
1.83863
-0.468431
0.0297478
1.87524
-0.411457
-0.409235
1.77022
-0.3864
-0.64133
1.70897
-0.428664
-0.717945
1.65482
-0.558621
0.104799
1.87614
-0.57068
0.165331
1.92973
-0.600079
0.516687
1.92964
-0.583063
0.68474
1.88115
-0.785765
0.403335
1.91155
-0.78819
0.155071
1.83173
-0.540575
0.0546616
1.75264
-0.496131
0.104116
1.71524
-0.424739
0.423901
1.94267
-0.334858
0.242718
1.97936
-0.432979
0.0705723
1.76727
-0.502129
0.0673066
1.73655
-0.63045
0.017378
1.85307
-0.620107
-0.463637
1.85033
-0.597301
-0.696417
1.85194
-0.724496
-0.71569
1.83705
-0.466891
0.0295615
1.87658
-0.410935
-0.412017
1.77286
-0.386709
-0.646148
1.71112
-0.435674
-0.723014
1.65617
-0.557615
0.104837
1.87669
-0.569907
0.165365
1.93028
-0.600034
0.516621
1.92956
-0.582849
0.684824
1.8801
-0.785655
0.403585
1.91113
-0.788725
0.154449
1.83378
-0.540768
0.0528537
1.75388
-0.496861
0.104
1.71646
-0.424268
0.42438
1.94343
-0.335464
0.243211
1.98089
-0.432162
0.0699621
1.76933
-0.503035
0.0679242
1.73985
-0.629813
0.0173112
1.85305
-0.617679
-0.462293
1.85152
-0.596867
-0.695669
1.85109
-0.696954
-0.739682
1.84373
-0.464965
0.0295589
1.87838
-0.41059
-0.413798
1.77483
-0.387006
-0.649036
1.7125
-0.440833
-0.726607
1.65727
-0.556365
0.105065
1.87745
-0.568921
0.165542
1.931
-0.599919
0.516535
1.92947
-0.582572
0.684869
1.87917
-0.785521
0.403822
1.91076
-0.789031
0.153797
1.83555
-0.54078
0.051761
1.75478
-0.496892
0.103704
1.71793
-0.423767
0.42489
1.94424
-0.336016
0.243638
1.98238
-0.431827
0.0698611
1.7716
-0.503587
0.0684491
1.74265
-0.629089
0.01733
1.85303
-0.615209
-0.4609
1.85292
-0.59636
-0.695842
1.85147
-0.67955
-0.752075
1.84709
-0.462829
0.029867
1.88073
-0.410416
-0.414678
1.77657
-0.387224
-0.65078
1.71356
-0.443639
-0.728253
1.65852
-0.55497
0.105535
1.87868
-0.567866
0.165912
1.93204
-0.599785
0.516441
1.92938
-0.582307
0.684882
1.87839
-0.785384
0.404041
1.91043
-0.789147
0.153211
1.83721
-0.54055
0.0514469
1.75558
-0.496269
0.103319
1.71979
-0.423232
0.425589
1.94534
-0.336489
0.244038
1.98421
-0.431998
0.0702985
1.77459
-0.503852
0.0689375
1.74536
-0.628323
0.0174497
1.85317
-0.612688
-0.459345
1.85462
-0.595745
-0.696696
1.85269
-0.67184
-0.756914
1.84826
-0.460654
0.0305164
1.88402
-0.410308
-0.414971
1.77809
-0.387515
-0.651631
1.714
-0.444457
-0.728351
1.66007
-0.553515
0.106242
1.8806
-0.566797
0.166497
1.93362
-0.599677
0.516348
1.92933
-0.582098
0.684871
1.87775
-0.785257
0.404232
1.91015
-0.789209
0.152625
1.83926
-0.540241
0.0517405
1.75677
-0.495182
0.102787
1.72245
-0.422744
0.426349
1.94669
-0.336921
0.245201
1.98768
-0.432527
0.0721838
1.77956
-0.503711
0.0698613
1.74882
-0.627426
0.0176958
1.85373
-0.610404
-0.457886
1.8564
-0.594932
-0.697839
1.85452
-0.667217
-0.759355
1.84886
-0.458676
0.0314113
1.88804
-0.410191
-0.415177
1.77952
-0.387725
-0.651971
1.71409
-0.444175
-0.727357
1.66155
-0.552161
0.107066
1.88329
-0.56584
0.167235
1.93582
-0.599587
0.516251
1.92932
-0.581941
0.684856
1.87726
-0.785149
0.404387
1.90994
-0.788829
0.151617
1.84196
-0.539158
0.0524957
1.75946
-0.492948
0.101763
1.7269
-0.422315
0.427151
1.94842
-0.337216
0.246759
1.99109
-0.432967
0.0740544
1.78424
-0.491626
0.0546434
1.74598
-0.626422
0.0180454
1.855
-0.608453
-0.456636
1.85817
-0.594256
-0.69898
1.85629
-0.664564
-0.757267
1.84784
-0.457067
0.0323486
1.89269
-0.410093
-0.415022
1.78105
-0.38791
-0.651938
1.71387
-0.443554
-0.726207
1.66351
-0.55086
0.107641
1.88658
-0.56501
0.167849
1.93848
-0.599523
0.516135
1.92937
-0.58187
0.684811
1.87687
-0.784873
0.404367
1.90968
-0.788294
0.149918
1.84607
-0.537461
0.0539521
1.76442
-0.490191
0.100795
1.73288
-0.422072
0.428103
1.95051
-0.33752
0.248424
1.99476
-0.433636
0.0759686
1.78918
-0.484067
0.0447612
1.74518
-0.625046
0.0182771
1.85754
-0.60671
-0.455436
1.86004
-0.593658
-0.700055
1.85795
-0.663295
-0.75426
1.84669
-0.455759
0.0331337
1.89735
-0.409981
-0.4147
1.78279
-0.388036
-0.651634
1.71387
-0.441908
-0.724902
1.66759
-0.549531
0.107936
1.89065
-0.564243
0.168327
1.94164
-0.599494
0.515971
1.9295
-0.581838
0.684763
1.87656
-0.784433
0.404102
1.9094
-0.787658
0.147815
1.85115
-0.53604
0.0540392
1.77082
-0.487596
0.0988031
1.73995
-0.422024
0.429077
1.95284
-0.337807
0.249901
1.99893
-0.434513
0.077722
1.79444
-0.47934
0.0382101
1.74553
-0.623306
0.0182187
1.86147
-0.605017
-0.454261
1.86216
-0.593083
-0.701115
1.85955
-0.663
-0.750746
1.84549
-0.454484
0.033812
1.90262
-0.409753
-0.414293
1.78481
-0.388165
-0.650986
1.71392
-0.398779
-0.6916
1.63625
-0.548547
0.107916
1.89492
-0.563732
0.168598
1.94498
-0.599547
0.515728
1.92988
-0.581902
0.684703
1.87632
-0.783873
0.403571
1.90913
-0.788037
0.146675
1.85887
-0.536289
0.0543574
1.77916
-0.486315
0.0971913
1.7478
-0.422131
0.429902
1.95513
-0.33807
0.251245
2.0032
-0.435526
0.0792773
1.79977
-0.476288
0.0337084
1.74643
-0.621811
0.0178984
1.86608
-0.603446
-0.453199
1.8644
-0.592163
-0.702197
1.86159
-0.662768
-0.747174
1.84453
-0.453701
0.0342126
1.90731
-0.40925
-0.413796
1.7872
-0.388158
-0.649988
1.71421
-0.38075
-0.677628
1.62421
-0.547844
0.107724
1.89893
-0.563425
0.168727
1.94808
-0.599726
0.515401
1.9305
-0.582152
0.684599
1.87613
-0.783076
0.4027
1.90887
-0.788783
0.146671
1.86438
-0.644653
-0.00109775
1.84096
-0.629265
-0.0453503
1.84279
-0.422349
0.430636
1.95729
-0.338338
0.252555
2.00779
-0.436483
0.0804045
1.80573
-0.473937
0.0298598
1.74835
-0.620572
0.0175343
1.87061
-0.60193
-0.452329
1.86681
-0.590193
-0.703885
1.8648
-0.662703
-0.742927
1.84521
-0.453243
0.0344658
1.91149
-0.40855
-0.413197
1.78977
-0.387565
-0.648431
1.71522
-0.370247
-0.669927
1.61855
-0.547295
0.107384
1.90277
-0.563238
0.16875
1.95094
-0.599973
0.515048
1.93132
-0.582605
0.684449
1.87602
-0.781954
0.40151
1.90859
-0.789275
0.146976
1.86943
-0.715924
-0.0373916
1.88083
-0.688575
-0.104145
1.8836
-0.422659
0.431323
1.95959
-0.338535
0.253773
2.01235
-0.437066
0.0813362
1.81123
-0.472032
0.026982
1.75067
-0.619509
0.0171258
1.87483
-0.600348
-0.451615
1.86943
-0.588154
-0.705478
1.868
-0.662597
-0.740357
1.846
-0.452989
0.0346162
1.91557
-0.407767
-0.412603
1.79214
-0.386462
-0.64681
1.71672
-0.363359
-0.665177
1.61531
-0.546846
0.10696
1.90633
-0.563145
0.168706
1.95348
-0.600295
0.514709
1.93235
-0.583183
0.684292
1.87601
-0.780296
0.399803
1.90816
-0.789559
0.147399
1.87423
-0.741609
-0.0504646
1.89791
-0.720099
-0.134585
1.90817
-0.423049
0.432028
1.9621
-0.338675
0.254867
2.01659
-0.437296
0.0819769
1.81628
-0.47038
0.02471
1.75353
-0.618528
0.0166696
1.87867
-0.598644
-0.451133
1.87214
-0.585906
-0.707246
1.87129
-0.66226
-0.738426
1.84729
-0.452884
0.0347494
1.91948
-0.406761
-0.411965
1.79454
-0.384456
-0.64531
1.71888
-0.357939
-0.662087
1.61368
-0.546327
0.106474
1.90958
-0.563033
0.168625
1.95558
-0.6006
0.514415
1.93331
-0.583875
0.684138
1.87613
-0.777778
0.397476
1.90735
-0.789763
0.148499
1.87903
-0.758017
-0.0582335
1.90914
-0.739274
-0.151568
1.92336
-0.423452
0.432731
1.9646
-0.338795
0.255879
2.0205
-0.437232
0.0825074
1.82074
-0.468911
0.0231352
1.75661
-0.617303
0.0162627
1.88257
-0.596964
-0.450928
1.87466
-0.583884
-0.708827
1.87416
-0.597325
-0.751079
1.8124
-0.452732
0.0348264
1.92289
-0.405158
-0.411395
1.79762
-0.381586
-0.644079
1.72198
-0.353298
-0.660545
1.61406
-0.545669
0.105904
1.91246
-0.562891
0.168494
1.95722
-0.600867
0.51417
1.93415
-0.584512
0.684017
1.87627
-0.773586
0.394511
1.90544
-0.789933
0.149922
1.88337
-0.754023
-0.0540744
1.91059
-0.717563
-0.131316
1.91452
-0.423751
0.433347
1.96694
-0.338899
0.256736
2.02395
-0.437009
0.0829144
1.82459
-0.467663
0.022106
1.75974
-0.615813
0.0158921
1.88623
-0.595324
-0.450978
1.87703
-0.581998
-0.710176
1.87671
-0.566002
-0.757352
1.79713
-0.452477
0.0348297
1.92575
-0.402907
-0.411128
1.80151
-0.377056
-0.643254
1.72764
-0.369283
-0.691957
1.66047
-0.544859
0.105378
1.91492
-0.562658
0.168384
1.95848
-0.601024
0.514006
1.93485
-0.585075
0.683963
1.87649
-0.769346
0.391898
1.90306
-0.790041
0.152106
1.88741
-0.744011
-0.0449588
1.90696
-0.709141
-0.11957
1.90989
-0.423953
0.433938
1.96894
-0.338954
0.257484
2.0269
-0.436666
0.0832904
1.82783
-0.466587
0.0215868
1.76272
-0.614069
0.0156385
1.8896
-0.593737
-0.451154
1.87921
-0.580451
-0.71129
1.87871
-0.535352
-0.778577
1.82353
-0.452133
0.0348563
1.92807
-0.396381
-0.413416
1.80802
-0.372551
-0.643587
1.73444
-0.378671
-0.704051
1.68048
-0.543924
0.104888
1.917
-0.562354
0.168284
1.95942
-0.601059
0.51391
1.93541
-0.585504
0.683955
1.87675
-0.764999
0.389226
1.89985
-0.790001
0.154051
1.89075
-0.743458
-0.0417489
1.91185
-0.709337
-0.11305
1.91679
-0.42405
0.43446
1.97054
-0.338941
0.258159
2.02942
-0.436193
0.0836313
1.83065
-0.465588
0.021433
1.76562
-0.612249
0.0154169
1.89257
-0.592231
-0.451467
1.88125
-0.57914
-0.712302
1.88034
-0.521753
-0.788979
1.83652
-0.451708
0.0348964
1.92992
-0.390202
-0.416507
1.81419
-0.368964
-0.645563
1.7422
-0.386431
-0.711429
1.69389
-0.542833
0.104573
1.91873
-0.561856
0.168254
1.96015
-0.600936
0.513891
1.93591
-0.585774
0.684028
1.87705
-0.761985
0.387215
1.8972
-0.789292
0.156032
1.89547
-0.749209
-0.0396401
1.92091
-0.727154
-0.106621
1.93515
-0.424011
0.434986
1.97185
-0.338918
0.258682
2.03136
-0.435748
0.0839458
1.83275
-0.464777
0.021543
1.76791
-0.610457
0.0152799
1.89503
-0.590759
-0.451934
1.88307
-0.578077
-0.713082
1.88162
-0.514845
-0.795216
1.84492
-0.451068
0.0350716
1.93141
-0.385269
-0.419168
1.81943
-0.362233
-0.655573
1.75901
-0.392253
-0.718054
1.70602
-0.541575
0.104648
1.92014
-0.560972
0.168494
1.96064
-0.600508
0.513967
1.93628
-0.585868
0.684247
1.87745
-0.760374
0.385882
1.89552
-0.788558
0.15734
1.89979
-0.755923
-0.0380397
1.92982
-0.743722
-0.102552
1.94992
-0.423812
0.435626
1.97292
-0.338873
0.259112
2.03289
-0.435243
0.0842414
1.83437
-0.463983
0.0218249
1.76975
-0.608904
0.0153198
1.897
-0.589314
-0.452452
1.88463
-0.577138
-0.713723
1.8827
-0.511936
-0.799201
1.85097
-0.450034
0.0355875
1.9326
-0.381072
-0.421806
1.82437
-0.358364
-0.662143
1.76926
-0.395993
-0.722811
1.71454
-0.539976
0.105689
1.92133
-0.559104
0.169774
1.96079
-0.599136
0.514489
1.93655
-0.585841
0.68457
1.8779
-0.760527
0.385594
1.8951
-0.78659
0.164144
1.90472
-0.761989
-0.0332021
1.93605
-0.756167
-0.0956637
1.9581
-0.423365
0.436434
1.97375
-0.338743
0.259566
2.03417
-0.434349
0.0846396
1.83577
-0.462792
0.0224006
1.7714
-0.607626
0.0156707
1.89859
-0.588048
-0.452883
1.88585
-0.576302
-0.714206
1.88356
-0.512651
-0.80167
1.85582
-0.448518
0.0368445
1.93334
-0.378146
-0.423704
1.82914
-0.356038
-0.666965
1.77643
-0.398538
-0.726363
1.72086
-0.537959
0.109247
1.92205
-0.55579
0.173276
1.96025
-0.59729
0.515188
1.93657
-0.585766
0.6849
1.87832
-0.777519
0.401799
1.91068
-0.782334
0.177433
1.90828
-0.769654
-0.0184502
1.94134
-0.765172
-0.0870075
1.96226
-0.422471
0.437437
1.97423
-0.338207
0.260162
2.03544
-0.379949
0.0994502
1.87997
-0.393666
0.0432841
1.83009
-0.606608
0.0171029
1.90015
-0.586867
-0.453218
1.88677
-0.57563
-0.714552
1.8842
-0.515751
-0.802839
1.8594
-0.446398
0.0394405
1.93305
-0.376354
-0.425128
1.83339
-0.35474
-0.671991
1.78248
-0.400416
-0.729659
1.72608
-0.535965
0.115469
1.92217
-0.552176
0.178727
1.95913
-0.595357
0.516015
1.93652
-0.585458
0.685315
1.87882
-0.788191
0.413196
1.92207
-0.779967
0.18774
1.91084
-0.773027
-0.00804598
1.9435
-0.770428
-0.0796455
1.964
-0.420769
0.439078
1.97426
-0.336826
0.261224
2.03668
-0.356648
0.107697
1.89858
-0.359818
0.0565338
1.8591
-0.605928
0.0206018
1.9019
-0.585776
-0.453468
1.88745
-0.575128
-0.714786
1.88462
-0.519936
-0.803113
1.86192
-0.443848
0.0436843
1.93129
-0.375298
-0.426168
1.83701
-0.353986
-0.67582
1.78682
-0.401654
-0.732245
1.73002
-0.534409
0.123578
1.92169
-0.548667
0.18551
1.95767
-0.593545
0.516893
1.93646
-0.584993
0.685798
1.87936
-0.798439
0.426169
1.93696
-0.779416
0.196297
1.91326
-0.773682
0.000685336
1.94369
-0.772495
-0.0723201
1.96343
-0.417415
0.441882
1.97373
-0.334819
0.262494
2.03754
-0.33861
0.113343
1.9078
-0.336496
0.064269
1.87165
-0.605838
0.0256104
1.90363
-0.584681
-0.453641
1.88788
-0.574739
-0.714948
1.8849
-0.525131
-0.802813
1.8633
-0.441036
0.0493709
1.92789
-0.374702
-0.426865
1.83978
-0.353506
-0.67857
1.78988
-0.40243
-0.734212
1.73297
-0.532924
0.132004
1.92076
-0.545313
0.192664
1.95612
-0.590836
0.518409
1.93658
-0.583419
0.686693
1.8804
-0.803418
0.433617
1.94607
-0.77884
0.201122
1.91479
-0.771959
0.0057486
1.94338
-0.7686
-0.0653165
1.9604
-0.411549
0.446648
1.97282
-0.331655
0.26403
2.03762
-0.329609
0.117875
1.91146
-0.325845
0.0705717
1.87625
-0.605928
0.0311599
1.9049
-0.58342
-0.453728
1.88802
-0.574378
-0.715031
1.88506
-0.549661
-0.781581
1.82534
-0.438037
0.0557978
1.92351
-0.374362
-0.427291
1.84178
-0.353203
-0.6804
1.7919
-0.40295
-0.73561
1.73506
-0.53153
0.138122
1.91968
-0.542451
0.198093
1.95473
-0.586476
0.52071
1.937
-0.581362
0.68782
1.88167
-0.805935
0.437649
1.95121
-0.778092
0.205306
1.9157
-0.728574
0.0226006
1.92642
-0.711891
-0.0425058
1.93509
-0.405817
0.450797
1.97172
-0.325791
0.266559
2.03689
-0.321448
0.12046
1.91397
-0.316869
0.0736218
1.87993
-0.605902
0.0355336
1.90554
-0.5819
-0.453662
1.88775
-0.573991
-0.715
1.88504
-0.561112
-0.771357
1.80711
-0.435005
0.0611907
1.91884
-0.374146
-0.427526
1.84318
-0.353007
-0.681668
1.79326
-0.403293
-0.736608
1.73655
-0.529587
0.142367
1.91811
-0.539218
0.202053
1.95305
-0.578119
0.523863
1.93719
-0.576793
0.689958
1.88429
-0.805247
0.438448
1.95431
-0.777601
0.207825
1.91628
-0.720639
0.0269605
1.92354
-0.700969
-0.0368298
1.93014
-0.399754
0.454604
1.9705
-0.317588
0.268669
2.03287
-0.315928
0.121185
1.91416
-0.311882
0.0737358
1.88012
-0.605363
0.0385708
1.9054
-0.579872
-0.453488
1.88678
-0.573546
-0.714762
1.88466
-0.56751
-0.765324
1.79633
-0.431684
0.0650423
1.91414
-0.373857
-0.427683
1.84404
-0.352961
-0.682526
1.79403
-0.403471
-0.737315
1.73759
-0.526119
0.145237
1.91532
-0.534869
0.204729
1.95074
-0.568801
0.52686
1.93701
-0.571685
0.692501
1.8874
-0.796885
0.430264
1.95252
-0.756263
0.205591
1.89721
-0.709276
0.026526
1.9166
-0.689495
-0.0359394
1.92328
-0.393414
0.457973
1.96905
-0.308102
0.270274
2.02637
-0.31255
0.120697
1.91021
-0.311386
0.0717642
1.8746
-0.603468
0.0407888
1.90349
-0.577368
-0.453341
1.88498
-0.573034
-0.71435
1.8839
-0.575603
-0.76843
1.80189
-0.42711
0.0674193
1.9089
-0.373476
-0.427377
1.84397
-0.352955
-0.682783
1.79401
-0.403327
-0.737678
1.73816
-0.519718
0.146194
1.91019
-0.528792
0.205795
1.94746
-0.559642
0.52957
1.93685
-0.565643
0.695282
1.89127
-0.778664
0.414378
1.94204
-0.732413
0.180528
1.88025
-0.699533
0.0117999
1.91398
-0.681873
-0.0496126
1.92324
-0.386785
0.460965
1.96729
-0.297136
0.271993
2.01774
-0.31082
0.119821
1.90362
-0.31371
0.0693573
1.86648
-0.597602
0.0417605
1.89703
-0.574745
-0.453202
1.88255
-0.572372
-0.713768
1.88269
-0.625482
-0.753069
1.82951
-0.420914
0.068334
1.90266
-0.372646
-0.426012
1.84175
-0.352993
-0.682112
1.79261
-0.402834
-0.737568
1.73802
-0.511097
0.145131
1.90332
-0.521537
0.205266
1.94343
-0.551388
0.532081
1.93676
-0.559738
0.697868
1.8951
-0.762591
0.403332
1.92841
-0.72184
0.175388
1.86576
-0.69358
0.00641708
1.90878
-0.677078
-0.0539643
1.91985
-0.380405
0.463417
1.96522
-0.285339
0.273187
2.00554
-0.304314
0.120068
1.88305
-0.310439
0.0689598
1.84322
-0.58788
0.0410817
1.88605
-0.572252
-0.452867
1.8796
-0.571616
-0.713015
1.88104
-0.643764
-0.747336
1.83965
-0.413777
0.0679471
1.89629
-0.370794
-0.423122
1.83541
-0.353031
-0.680933
1.79029
-0.402111
-0.73711
1.73726
-0.503199
0.143489
1.89695
-0.515289
0.204116
1.93975
-0.544519
0.534356
1.93694
-0.554468
0.700198
1.89885
-0.746431
0.394936
1.90941
-0.709153
0.161866
1.85255
-0.500832
0.062118
1.77554
-0.451677
0.0218762
1.76804
-0.37348
0.465519
1.96301
-0.273859
0.271034
1.98807
-0.303141
0.115244
1.86654
-0.313014
0.0630277
1.82717
-0.578392
0.0399916
1.87446
-0.570227
-0.452442
1.87662
-0.570902
-0.712375
1.879
-0.653969
-0.74424
1.8451
-0.40738
0.0670534
1.89108
-0.368825
-0.419292
1.82735
-0.353106
-0.674929
1.78161
-0.400689
-0.734051
1.73304
-0.497021
0.142016
1.89144
-0.510245
0.202859
1.93644
-0.539313
0.536145
1.9371
-0.55022
0.702402
1.9025
-0.737524
0.39292
1.89758
-0.698056
0.151099
1.84077
-0.448116
0.0637466
1.73857
-0.365916
0.0372787
1.70977
-0.367579
0.467005
1.96073
-0.265438
0.269449
1.9731
-0.303275
0.112241
1.85046
-0.316331
0.0594922
1.81141
-0.571348
0.0394829
1.86472
-0.56869
-0.452067
1.87374
-0.570103
-0.711619
1.87681
-0.660531
-0.742167
1.84852
-0.402373
0.0661225
1.88683
-0.36679
-0.415275
1.8183
-0.353088
-0.669128
1.77354
-0.398275
-0.727343
1.72394
-0.492565
0.140895
1.88706
-0.506591
0.201802
1.93377
-0.53479
0.537982
1.93738
-0.547037
0.70423
1.90572
-0.730207
0.394635
1.8864
-0.690056
0.143779
1.8313
-0.419976
0.0610465
1.71536
-0.315032
0.0457684
1.67412
-0.362364
0.467774
1.95849
-0.259282
0.266493
1.95688
-0.304905
0.107627
1.83611
-0.320539
0.0543649
1.79827
-0.566588
0.0395432
1.85722
-0.567624
-0.451727
1.87106
-0.569581
-0.710897
1.8743
-0.622419
-0.743468
1.81357
-0.398759
0.0653048
1.88352
-0.365816
-0.411418
1.81017
-0.353168
-0.663573
1.76609
-0.394552
-0.718947
1.71171
-0.489197
0.140051
1.88334
-0.503914
0.200913
1.93147
-0.531766
0.539324
1.93757
-0.544626
0.705828
1.90872
-0.724085
0.39918
1.8767
-0.683392
0.140516
1.82296
-0.414982
0.0552325
1.70842
-0.305117
0.0402471
1.66477
-0.358069
0.468108
1.95651
-0.255276
0.264194
1.94509
-0.306331
0.104372
1.82487
-0.323762
0.0508632
1.78786
-0.562955
0.0400682
1.85082
-0.566927
-0.451383
1.86851
-0.569224
-0.710208
1.87176
-0.634253
-0.738634
1.82663
-0.395979
0.0646219
1.88081
-0.36549
-0.408119
1.80361
-0.353162
-0.65947
1.76066
-0.391476
-0.713546
1.7033
-0.486815
0.139426
1.88029
-0.502033
0.200191
1.92955
-0.529648
0.540406
1.93769
-0.542474
0.707524
1.91228
-0.719324
0.405049
1.86973
-0.674555
0.18686
1.80444
-0.43583
0.0658637
1.71028
-0.333155
0.0289222
1.6715
-0.354815
0.468202
1.95493
-0.252823
0.262408
1.9361
-0.307468
0.101927
1.81659
-0.326039
0.0482757
1.78032
-0.560465
0.0407962
1.84585
-0.566612
-0.451073
1.86618
-0.568963
-0.709605
1.86954
-0.64011
-0.737483
1.83567
-0.394008
0.0640721
1.87862
-0.36562
-0.405406
1.79843
-0.353096
-0.65616
1.7563
-0.389248
-0.703095
1.6914
-0.485193
0.138999
1.87766
-0.500708
0.199601
1.92789
-0.528159
0.541224
1.93778
-0.541098
0.708846
1.91515
-0.715971
0.411633
1.86617
-0.821885
0.483116
1.7909
-0.632647
0.295617
1.73696
-0.57158
0.23404
1.72507
-0.352239
0.468062
1.9536
-0.251271
0.261039
1.92969
-0.30817
0.100273
1.81036
-0.327459
0.0465802
1.77455
-0.558889
0.0416919
1.8419
-0.566594
-0.450894
1.86405
-0.568908
-0.709074
1.86752
-0.644143
-0.737854
1.84233
-0.392635
0.0635954
1.87642
-0.365975
-0.403294
1.79441
-0.353087
-0.653545
1.75291
-0.388108
-0.698354
1.68552
-0.484216
0.138732
1.8753
-0.499535
0.199141
1.92651
-0.527079
0.541918
1.9379
-0.540312
0.709889
1.91763
-0.707692
0.43941
1.88937
-0.862283
0.572359
1.79042
-1.00197
0.622443
1.69757
-1.06144
0.656211
1.66973
-0.35032
0.467762
1.9525
-0.250473
0.259741
1.92428
-0.308691
0.0990647
1.80494
-0.328378
0.0454381
1.76947
-0.558062
0.0431071
1.83845
-0.56708
-0.451216
1.86196
-0.568896
-0.708636
1.86591
-0.600378
-0.742037
1.80753
-0.392078
0.0631842
1.87382
-0.366369
-0.40182
1.79147
-0.353079
-0.65173
1.75058
-0.387328
-0.695715
1.68213
-0.485199
0.13958
1.87265
-0.498532
0.19911
1.92541
-0.526279
0.5426
1.93818
-0.53998
0.710648
1.91969
-0.713743
0.478121
1.9457
-0.891702
0.628336
1.80356
-0.993545
0.764582
1.73056
-1.0268
0.809501
1.70495
-0.349095
0.467012
1.95123
-0.249578
0.259065
1.92099
-0.307824
0.0990698
1.80008
-0.327083
0.0460252
1.76388
-0.561664
0.0489343
1.83737
-0.567816
-0.45169
1.86004
-0.568884
-0.708296
1.86469
-0.572282
-0.745114
1.78459
-0.399177
0.0654655
1.86362
-0.366835
-0.400782
1.78922
-0.353082
-0.650459
1.74897
-0.386763
-0.693903
1.6798
-0.488431
0.14208
1.87084
-0.498095
0.199584
1.92471
-0.525661
0.543327
1.93872
-0.539952
0.711254
1.92157
-0.720839
0.500319
1.98232
-0.8875
0.612119
1.84218
-1.09732
0.759585
1.71096
-1.154
0.790468
1.67424
-0.34853
0.465327
1.94962
-0.248372
0.258809
1.91909
-0.305616
0.101303
1.79638
-0.324096
0.0498647
1.75908
-0.569684
0.0576739
1.84235
-0.568636
-0.45216
1.85842
-0.568889
-0.708038
1.86376
-0.553425
-0.750972
1.78038
-0.405319
0.0676813
1.85652
-0.367371
-0.400038
1.78747
-0.353085
-0.649562
1.74784
-0.386329
-0.692745
1.67825
-0.492897
0.14476
1.87006
-0.498336
0.200429
1.92441
-0.525187
0.544011
1.93942
-0.540076
0.711687
1.92311
-0.722762
0.508868
1.99498
-0.896939
0.623049
1.87173
-1.12569
0.77571
1.75785
-1.18557
0.809168
1.7307
-0.348606
0.463114
1.94804
-0.245395
0.260324
1.92043
-0.299983
0.106177
1.79176
-0.316707
0.0566089
1.75141
-0.577419
0.0639492
1.84779
-0.569507
-0.452559
1.85706
-0.568921
-0.707808
1.863
-0.544228
-0.75353
1.77713
-0.410622
0.0690869
1.85204
-0.36795
-0.399517
1.78613
-0.353091
-0.648887
1.74701
-0.385972
-0.692443
1.67768
-0.497799
0.146941
1.87036
-0.499434
0.201511
1.92473
-0.524865
0.544606
1.94023
-0.540224
0.71198
1.92429
-0.724738
0.513138
2.00238
-0.917411
0.654623
1.89335
-0.994503
0.784551
1.76832
-1.01418
0.840048
1.74063
-0.349564
0.460398
1.94657
-0.235994
0.267774
1.93191
-0.291992
0.11055
1.78436
-0.306907
0.060876
1.73642
-0.583773
0.0678676
1.85279
-0.570381
-0.452903
1.85592
-0.568959
-0.70761
1.86241
-0.538304
-0.755225
1.77506
-0.415472
0.0698149
1.84956
-0.368536
-0.399193
1.78512
-0.353099
-0.648386
1.74641
-0.385103
-0.694722
1.67947
-0.502202
0.148487
1.87142
-0.501052
0.202609
1.92559
-0.52462
0.545055
1.94095
-0.540242
0.712177
1.9252
-0.727015
0.511639
2.0031
-0.916995
0.632957
1.91686
-0.985887
0.79397
1.79155
-0.995087
0.850137
1.76018
-0.350742
0.457897
1.9456
-0.22913
0.274274
1.94195
-0.264911
0.110854
1.75326
-0.295476
0.0559931
1.72102
-0.588618
0.0701711
1.85717
-0.571293
-0.453193
1.85497
-0.56917
-0.707429
1.8618
-0.534621
-0.756596
1.77436
-0.419895
0.0700468
1.84888
-0.36912
-0.39902
1.78436
-0.353116
-0.647989
1.74596
-0.384442
-0.69621
1.68065
-0.506396
0.149279
1.8733
-0.503336
0.203489
1.92721
-0.524444
0.545357
1.94162
-0.540188
0.7123
1.9258
-0.728863
0.506018
1.9986
-0.918084
0.602149
1.94045
-0.939941
0.767052
1.82009
-0.942689
0.835941
1.78589
-0.351924
0.455543
1.94519
-0.224045
0.282657
1.95699
-0.234911
0.127642
1.73344
-0.273375
0.0703498
1.71033
-0.592891
0.071
1.86182
-0.572247
-0.453438
1.8542
-0.569415
-0.707297
1.86132
-0.533012
-0.757686
1.77501
-0.424236
0.0695728
1.84983
-0.369774
-0.398973
1.7838
-0.353173
-0.647607
1.74562
-0.384058
-0.698164
1.68255
-0.510068
0.149127
1.87537
-0.505827
0.203784
1.92906
-0.524268
0.545495
1.94214
-0.539937
0.712299
1.92622
-0.729404
0.497326
1.9913
-0.918407
0.575297
1.955
-0.910701
0.735685
1.83639
-0.894773
0.792875
1.79978
-0.353394
0.452964
1.94537
-0.224895
0.302943
1.97879
-0.191449
0.171725
1.72625
-0.209091
0.120915
1.67548
-0.596205
0.0706871
1.86578
-0.573362
-0.453659
1.8536
-0.569823
-0.707175
1.8609
-0.533221
-0.758405
1.77661
-0.428363
0.0682927
1.85181
-0.370534
-0.399043
1.78338
-0.353277
-0.647295
1.74536
-0.383745
-0.700096
1.68427
-0.513101
0.148273
1.87735
-0.508252
0.203505
1.93089
-0.523878
0.545332
1.94266
-0.538617
0.711854
1.92602
-0.728767
0.486497
1.98339
-0.921665
0.549044
1.96162
-0.904395
0.710679
1.84615
-0.874529
0.719074
1.81979
-0.354902
0.450202
1.94639
-0.217439
0.290876
1.99492
-0.139169
0.215742
1.71972
-0.12836
0.185641
1.64137
-0.59871
0.0696909
1.86884
-0.574966
-0.454023
1.85321
-0.57054
-0.707046
1.86048
-0.614509
-0.744782
1.81186
-0.432027
0.0663248
1.85442
-0.371596
-0.399276
1.78309
-0.353509
-0.647046
1.74511
-0.383532
-0.701364
1.68524
-0.51549
0.147079
1.87921
-0.510613
0.202755
1.93279
-0.523166
0.544596
1.94346
-0.536061
0.710802
1.92496
-0.728323
0.476979
1.97738
-0.924987
0.490661
1.95527
-0.926043
0.66966
1.86887
-0.888886
0.694262
1.83934
-0.356009
0.447198
1.94892
-0.217314
0.248509
1.98199
-0.0897752
0.245328
1.75685
-0.0500813
0.251063
1.6732
-0.600639
0.0681937
1.87122
-0.576655
-0.454406
1.85298
-0.571844
-0.706773
1.85997
-0.640404
-0.740972
1.82244
-0.434832
0.0641698
1.85708
-0.373045
-0.399688
1.78294
-0.354073
-0.646802
1.74476
-0.383368
-0.702667
1.68609
-0.517345
0.145002
1.88114
-0.512972
0.201053
1.93488
-0.5221
0.542953
1.94486
-0.532309
0.708992
1.92312
-0.72604
0.460531
1.96869
-0.920701
0.418904
1.947
-0.941239
0.64735
1.87856
-0.906713
0.680815
1.84842
-0.356565
0.444202
1.9529
-0.218924
0.23905
1.98085
-0.0670621
0.26264
1.79865
0.0131948
0.303819
1.70564
-0.602005
0.0658298
1.87299
-0.579917
-0.45549
1.85325
-0.573308
-0.706504
1.85954
-0.663929
-0.738814
1.83365
-0.436819
0.0614423
1.85998
-0.375073
-0.400428
1.78294
-0.354921
-0.646621
1.74428
-0.383278
-0.703956
1.6868
-0.51842
0.140633
1.88335
-0.515281
0.197536
1.93727
-0.520766
0.540545
1.94683
-0.526072
0.706167
1.91979
-0.718186
0.441865
1.95812
-0.912685
0.379226
1.94412
-1.01749
0.514342
1.86978
-1.05037
0.532838
1.83481
-0.355898
0.440914
1.9589
-0.220125
0.233657
1.98009
-0.0418136
0.273427
1.82374
0.0495707
0.317527
1.75106
-0.602412
0.0616599
1.87385
-0.584765
-0.457778
1.85432
-0.574774
-0.706298
1.85929
-0.674605
-0.737746
1.83879
-0.437881
0.0570325
1.86378
-0.37764
-0.401355
1.78295
-0.356252
-0.646446
1.74351
-0.383302
-0.705181
1.68736
-0.51866
0.13523
1.88541
-0.517021
0.193212
1.9395
-0.519538
0.538007
1.94869
-0.520634
0.703852
1.91699
-0.71393
0.43253
1.95301
-0.902915
0.350776
1.9424
-1.048
0.466555
1.84594
-1.09215
0.500153
1.80515
-0.354887
0.438029
1.96481
-0.221017
0.230299
1.97937
-0.0276161
0.274513
1.83801
0.0648746
0.307882
1.78304
-0.601823
0.0563859
1.87381
-0.590687
-0.4615
1.85626
-0.576468
-0.706327
1.85925
-0.681816
-0.737533
1.84266
-0.438052
0.0517878
1.86807
-0.380536
-0.40244
1.78287
-0.357671
-0.646318
1.74268
-0.383392
-0.706284
1.6878
-0.518735
0.131105
1.8869
-0.518271
0.189676
1.94119
-0.518514
0.53547
1.95035
-0.516401
0.702091
1.91479
-0.711836
0.427284
1.95044
-0.896806
0.334132
1.94361
-1.10152
0.403818
1.85157
-1.17143
0.432462
1.81746
-0.354006
0.435862
1.96964
-0.222291
0.22805
1.97967
-0.00916086
0.245224
1.85081
0.0763479
0.2603
1.80981
-0.601315
0.0522449
1.87352
-0.595803
-0.464885
1.85824
-0.578131
-0.706449
1.85939
-0.685753
-0.736015
1.84448
-0.438068
0.0477886
1.87135
-0.383549
-0.403365
1.78252
-0.359235
-0.646154
1.74168
-0.383551
-0.70723
1.68811
-0.518744
0.128106
1.88794
-0.519157
0.186962
1.94245
-0.517748
0.533221
1.95174
-0.513182
0.700687
1.91304
-0.710449
0.423707
1.94909
-0.892292
0.318847
1.95005
-1.13882
0.313644
1.88532
-1.22368
0.323412
1.86283
-0.353322
0.434191
1.97391
-0.22643
0.225792
1.986
-0.0124158
0.187681
1.86551
0.0673962
0.179922
1.82263
-0.600906
0.0491679
1.87315
-0.600237
-0.467738
1.86011
-0.579642
-0.706656
1.85965
-0.685574
-0.734227
1.84401
-0.438046
0.0449683
1.87371
-0.387181
-0.403915
1.78146
-0.361068
-0.64587
1.74035
-0.383808
-0.708023
1.68826
-0.518826
0.125955
1.88869
-0.519876
0.18487
1.94339
-0.517423
0.531143
1.95293
-0.511136
0.69969
1.91182
-0.709887
0.421671
1.94996
-0.890801
0.307111
1.95547
-1.15129
0.272705
1.8994
-1.23979
0.267087
1.88631
-0.353169
0.432948
1.97746
-0.235954
0.225659
2.0026
-0.0330274
0.123945
1.87337
0.0313174
0.0793695
1.82906
-0.600662
0.0469335
1.87278
-0.603956
-0.47002
1.86174
-0.58096
-0.706954
1.86
-0.683739
-0.733857
1.84394
-0.438122
0.0430343
1.87541
-0.392299
-0.403521
1.7786
-0.363383
-0.645253
1.73823
-0.384236
-0.708673
1.68814
-0.519018
0.124342
1.88926
-0.520578
0.183184
1.94414
-0.517657
0.52921
1.95393
-0.50998
0.698847
1.91085
-0.71103
0.421059
1.95357
-0.890989
0.294643
1.9618
-1.1342
0.210004
1.90111
-1.21153
0.181033
1.88567
-0.35388
0.43201
1.98069
-0.251586
0.232755
2.02701
-0.0824014
0.0854607
1.90367
-0.0409919
0.0248096
1.85439
-0.600584
0.0452788
1.87245
-0.60701
-0.471706
1.86309
-0.582031
-0.707271
1.86037
-0.680764
-0.734161
1.84372
-0.438305
0.0416357
1.87673
-0.398064
-0.402125
1.77386
-0.366786
-0.643879
1.73371
-0.38524
-0.709173
1.68704
-0.5193
0.123039
1.8897
-0.521306
0.181751
1.94475
-0.518648
0.527307
1.95476
-0.510183
0.697879
1.90982
-0.713551
0.420808
1.95822
-0.890915
0.283694
1.96761
-1.1255
0.189133
1.89968
-1.18802
0.169425
1.87613
-0.355415
0.431278
1.9835
-0.26287
0.242829
2.05183
-0.124202
0.0734917
1.92716
-0.106768
0.0354491
1.88666
-0.600635
0.0439446
1.87212
-0.609872
-0.473156
1.86437
-0.582854
-0.707579
1.86072
-0.676858
-0.735515
1.84332
-0.438529
0.0405933
1.87776
-0.40798
-0.391149
1.76259
-0.369882
-0.642169
1.72841
-0.386563
-0.709374
1.68502
-0.519719
0.121928
1.89005
-0.522098
0.180477
1.94526
-0.520637
0.525333
1.95556
-0.512782
0.696764
1.90866
-0.718107
0.420393
1.96408
-0.890318
0.275714
1.97254
-1.10913
0.195201
1.89164
-1.16628
0.185519
1.86129
-0.358257
0.430835
1.98601
-0.27564
0.248293
2.06715
-0.153101
0.118809
1.95338
-0.121261
0.0938889
1.89774
-0.600878
0.0427325
1.87177
-0.612353
-0.474316
1.86546
-0.583545
-0.707837
1.86103
-0.673669
-0.736843
1.8431
-0.438768
0.0398345
1.87855
-0.414085
-0.383739
1.75521
-0.372595
-0.640046
1.7224
-0.388515
-0.707745
1.67912
-0.520358
0.120981
1.89034
-0.523108
0.179315
1.94572
-0.525939
0.52322
1.9571
-0.518083
0.695687
1.90756
-0.725374
0.419225
1.97097
-0.890289
0.270718
1.9765
-1.09416
0.221985
1.8801
-1.14724
0.227805
1.84261
-0.36282
0.430676
1.98819
-0.28124
0.250695
2.07446
-0.147824
0.166892
1.9657
-0.0932921
0.152013
1.88715
-0.601317
0.0416411
1.87143
-0.614176
-0.475051
1.86623
-0.584102
-0.708037
1.8613
-0.671057
-0.73812
1.84299
-0.439035
0.0392992
1.87916
-0.417835
-0.378633
1.74994
-0.374639
-0.638011
1.71687
-0.390293
-0.705694
1.67272
-0.521153
0.120141
1.89056
-0.524284
0.178227
1.94613
-0.532346
0.521646
1.95895
-0.524611
0.694952
1.90681
-0.730963
0.418067
1.97565
-0.891625
0.268343
1.98026
-1.08447
0.272552
1.87277
-1.1372
0.294027
1.8334
-0.368516
0.430686
1.98985
-0.284173
0.252579
2.07937
-0.128574
0.236496
1.98112
-0.0638905
0.231188
1.88682
-0.601873
0.0406168
1.87104
-0.615482
-0.475532
1.86676
-0.584541
-0.708195
1.86152
-0.668062
-0.739526
1.84154
-0.439324
0.0389274
1.87962
-0.420133
-0.375144
1.74615
-0.375997
-0.636265
1.71238
-0.391674
-0.70369
1.66694
-0.522104
0.119374
1.89066
-0.525607
0.177223
1.94641
-0.538255
0.520658
1.96048
-0.530308
0.694458
1.90633
-0.734996
0.417408
1.97872
-0.893173
0.267886
1.98267
-1.05471
0.365878
1.89345
-1.09429
0.355294
1.85263
-0.374237
0.430812
1.99096
-0.273175
0.260479
2.07876
-0.100727
0.308746
1.98588
-0.030346
0.335041
1.89173
-0.602526
0.0396493
1.87055
-0.616436
-0.475904
1.86711
-0.58488
-0.708317
1.8617
-0.666107
-0.74075
1.84113
-0.43967
0.0386843
1.87997
-0.421458
-0.37262
1.74339
-0.376859
-0.634861
1.70896
-0.392685
-0.701931
1.66216
-0.523244
0.11873
1.89061
-0.527125
0.17635
1.94654
-0.54377
0.52021
1.96189
-0.535096
0.694188
1.9061
-0.737742
0.417098
1.98063
-0.900294
0.278398
1.98432
-1.04195
0.440016
1.90049
-1.07817
0.465597
1.86855
-0.379109
0.431073
1.99162
-0.240976
0.284716
2.06707
-0.0700386
0.386344
1.97825
0.0139917
0.450271
1.90049
-0.603226
0.0388466
1.86993
-0.617141
-0.476209
1.8673
-0.585124
-0.708402
1.86182
-0.664659
-0.74171
1.84094
-0.440288
0.0386459
1.88015
-0.42218
-0.37084
1.74138
-0.377391
-0.633765
1.70636
-0.393405
-0.700458
1.65832
-0.524427
0.118236
1.89039
-0.528645
0.175654
1.94652
-0.54798
0.520034
1.96289
-0.538861
0.694042
1.90609
-0.73976
0.417012
1.98182
-0.907193
0.289466
1.9833
-1.03596
0.469587
1.90355
-1.0712
0.49139
1.87132
-0.382969
0.431525
1.99201
-0.223891
0.298038
2.05979
-0.0358293
0.476873
1.96401
0.0306359
0.541517
1.92712
-0.60394
0.0381952
1.86913
-0.617657
-0.476472
1.86723
-0.585287
-0.708454
1.86189
-0.663526
-0.742472
1.84086
-0.441087
0.0387971
1.88013
-0.421617
-0.370528
1.73952
-0.377699
-0.632905
1.70439
-0.393875
-0.699271
1.65532
-0.525668
0.117791
1.88988
-0.530209
0.175025
1.94625
-0.55136
0.520027
1.9636
-0.541945
0.693999
1.9063
-0.741375
0.417082
1.98225
-0.913632
0.300631
1.98038
-1.02057
0.500162
1.90497
-1.04226
0.551891
1.88053
-0.386003
0.431988
1.99212
-0.216975
0.304208
2.05646
-0.0332556
0.511843
1.96301
-0.00775383
0.572504
1.95991
-0.60466
0.0375738
1.86783
-0.617838
-0.476605
1.86638
-0.585398
-0.708461
1.86191
-0.662534
-0.74314
1.84087
-0.442041
0.0390934
1.87976
-0.419611
-0.371983
1.73779
-0.377847
-0.632157
1.70276
-0.394184
-0.698458
1.65317
-0.527038
0.117337
1.88884
-0.531861
0.174418
1.9456
-0.553905
0.520149
1.96408
-0.545025
0.694278
1.90661
-0.742725
0.417333
1.9815
-0.920471
0.312777
1.97491
-0.998473
0.53308
1.90301
-1.0082
0.606541
1.8835
-0.388502
0.432464
1.99195
-0.21396
0.307422
2.05289
-0.0813223
0.462574
1.97473
-0.0495472
0.545853
1.97241
-0.605383
0.0369611
1.8659
-0.617746
-0.476638
1.86504
-0.585458
-0.708413
1.86186
-0.661681
-0.743744
1.84092
-0.443327
0.039621
1.87859
-0.417299
-0.373995
1.73644
-0.377867
-0.63151
1.70146
-0.394384
-0.697859
1.6516
-0.528707
0.116732
1.88691
-0.533726
0.173709
1.9443
-0.555829
0.520336
1.96435
-0.547934
0.694539
1.90697
-0.743734
0.417689
1.97985
-0.927911
0.326972
1.96583
-0.973266
0.553746
1.89292
-0.963416
0.650807
1.88419
-0.39075
0.432855
1.99143
-0.221772
0.300935
2.04253
-0.0906277
0.43236
1.95732
-0.0601487
0.521442
1.95372
-0.606196
0.0362523
1.86289
-0.617444
-0.476692
1.86342
-0.585463
-0.708299
1.86172
-0.66093
-0.7443
1.84098
-0.445088
0.0402474
1.87641
-0.414983
-0.376213
1.73529
-0.377803
-0.630924
1.70036
-0.394512
-0.697409
1.65042
-0.530681
0.115891
1.8839
-0.535854
0.17277
1.94211
-0.557517
0.520537
1.96437
-0.550557
0.694818
1.90734
-0.744511
0.41797
1.97791
-0.931373
0.333446
1.96118
-0.93142
0.549997
1.8656
-0.916403
0.631721
1.85479
-0.393543
0.433061
1.99019
-0.248528
0.275631
2.02927
-0.100964
0.362035
1.91429
-0.0537379
0.419338
1.89786
-0.607015
0.0354473
1.85908
-0.617017
-0.476904
1.86162
-0.585395
-0.708109
1.86146
-0.660332
-0.744555
1.84074
-0.447425
0.0409135
1.87286
-0.412787
-0.378527
1.73411
-0.377677
-0.630392
1.69942
-0.394586
-0.697062
1.64953
-0.532538
0.11499
1.88051
-0.537912
0.171796
1.93948
-0.559022
0.52082
1.96417
-0.553175
0.695085
1.90768
-0.74516
0.418038
1.97568
-0.934363
0.336007
1.95798
-0.900511
0.532894
1.84152
-0.87967
0.601669
1.80515
-0.395979
0.433139
1.98893
-0.286511
0.254153
2.02792
-0.135266
0.264795
1.88345
-0.078309
0.282034
1.83818
-0.607721
0.0346018
1.85521
-0.616473
-0.477207
1.85958
-0.58528
-0.707692
1.86082
-0.659453
-0.744201
1.83885
-0.44968
0.0414947
1.86883
-0.411208
-0.379561
1.73285
-0.377519
-0.629857
1.69855
-0.394623
-0.696777
1.64881
-0.534246
0.114282
1.87726
-0.53983
0.170999
1.93678
-0.560506
0.521174
1.96367
-0.555877
0.695244
1.90787
-0.74596
0.418234
1.97359
-0.957615
0.310811
1.96738
-0.893423
0.478009
1.85366
-0.859085
0.529741
1.79032
-0.39809
0.433069
1.98758
-0.302783
0.246303
2.02758
-0.175204
0.173879
1.86602
-0.125433
0.151443
1.80862
-0.608534
0.0339319
1.85135
-0.615751
-0.477408
1.85681
-0.585065
-0.706937
1.85965
-0.658864
-0.743867
1.83759
-0.451594
0.0418933
1.86529
-0.409884
-0.379877
1.73089
-0.377356
-0.62925
1.69747
-0.394632
-0.696517
1.64812
-0.535736
0.113714
1.87423
-0.541472
0.170356
1.9341
-0.561911
0.52153
1.9627
-0.558393
0.69531
1.90789
-0.746849
0.418562
1.97152
-0.952216
0.318286
1.95899
-0.879139
0.478037
1.8418
-0.852448
0.49082
1.79378
-0.400098
0.432678
1.98556
-0.311567
0.242781
2.02727
-0.192541
0.156457
1.86695
-0.175706
0.138312
1.82611
-0.60936
0.0333804
1.84787
-0.615123
-0.477411
1.85345
-0.584821
-0.705843
1.85774
-0.658452
-0.743618
1.83668
-0.453173
0.0421149
1.86215
-0.409046
-0.3787
1.72595
-0.37724
-0.628496
1.69569
-0.394631
-0.696233
1.64719
-0.536977
0.113299
1.87132
-0.542969
0.169884
1.93128
-0.563262
0.521853
1.96069
-0.560361
0.695323
1.90766
-0.747986
0.419094
1.96766
-0.96713
0.307935
1.95715
-0.870403
0.477224
1.84088
-0.851104
0.483786
1.81404
-0.401667
0.432157
1.9832
-0.317019
0.241114
2.02748
-0.184305
0.200184
1.82335
-0.177769
0.188381
1.81353
-0.610134
0.032972
1.84475
-0.614815
-0.476799
1.84959
-0.584627
-0.70467
1.85553
-0.65815
-0.743442
1.83594
-0.45441
0.042224
1.8593
-0.409221
-0.375851
1.71667
-0.377315
-0.626886
1.69132
-0.394678
-0.695598
1.64502
-0.537875
0.113002
1.86844
-0.544141
0.169527
1.9283
-0.564275
0.52186
1.95752
-0.561817
0.695193
1.90664
-0.748977
0.420151
1.9626
-0.969228
0.304409
1.95374
-0.881198
0.502133
1.85525
-0.854533
0.528755
1.83742
-0.40282
0.431333
1.98024
-0.319337
0.240889
2.02747
-0.193201
0.230817
1.83235
-0.161746
0.233868
1.78972
-0.610801
0.0326984
1.84138
-0.614773
-0.475809
1.84585
-0.584419
-0.703395
1.85306
-0.657881
-0.743311
1.83531
-0.455228
0.0422312
1.85683
-0.410385
-0.371325
1.70245
-0.377632
-0.623886
1.68285
-0.391754
-0.68045
1.61712
-0.538475
0.112816
1.86517
-0.545109
0.169289
1.92473
-0.564576
0.521498
1.95248
-0.562432
0.694444
1.90244
-0.749315
0.421751
1.95448
-0.958864
0.324813
1.92516
-0.899226
0.530795
1.87591
-0.856547
0.59633
1.86691
-0.403401
0.430547
1.97689
-0.313545
0.242991
2.02406
-0.156804
0.302878
1.80908
-0.134327
0.305866
1.79493
-0.611377
0.0326234
1.83722
-0.615084
-0.474325
1.84219
-0.584212
-0.702244
1.85081
-0.657668
-0.743194
1.83485
-0.45575
0.0421266
1.85449
-0.412271
-0.365991
1.68757
-0.37791
-0.619717
1.67151
-0.389626
-0.671563
1.59928
-0.538641
0.112615
1.86093
-0.545955
0.169014
1.92004
-0.563867
0.520775
1.9459
-0.560095
0.692406
1.89365
-0.744968
0.421443
1.936
-0.943849
0.342586
1.90769
-0.922521
0.547517
1.89178
-0.879097
0.629507
1.88928
-0.402871
0.429985
1.97259
-0.276575
0.25421
2.00483
-0.135147
0.357705
1.83318
-0.0980414
0.389353
1.78938
-0.611688
0.0326184
1.83242
-0.615655
-0.472298
1.83866
-0.584209
-0.701063
1.84858
-0.657533
-0.743128
1.83456
-0.455902
0.0418431
1.85146
-0.413617
-0.360755
1.67373
-0.378296
-0.614515
1.65806
-0.38725
-0.664134
1.5839
-0.538306
0.112863
1.85559
-0.546058
0.16914
1.91431
-0.562148
0.519787
1.93779
-0.554993
0.689034
1.88178
-0.742269
0.421778
1.92511
-0.93326
0.351212
1.89684
-0.930737
0.553649
1.89532
-0.896969
0.648016
1.89639
-0.400647
0.429864
1.96586
-0.249709
0.259821
1.99083
-0.114678
0.400303
1.85553
-0.0634657
0.479578
1.80455
-0.6117
0.0330842
1.82674
-0.61665
-0.469706
1.83513
-0.584487
-0.699626
1.84602
-0.657427
-0.743098
1.83441
-0.455559
0.041675
1.84733
-0.414591
-0.355809
1.66063
-0.380463
-0.608162
1.63701
-0.386378
-0.659517
1.57172
-0.536928
0.113294
1.84827
-0.544895
0.169452
1.90648
-0.558579
0.518289
1.92664
-0.548788
0.685385
1.87001
-0.738948
0.422035
1.91522
-0.920998
0.355571
1.88368
-0.931161
0.5953
1.86778
-0.913848
0.669428
1.87458
-0.396586
0.430197
1.95629
-0.226011
0.258975
1.97505
-0.106198
0.418525
1.86324
-0.0542641
0.507066
1.81696
-0.610956
0.0336811
1.81993
-0.619137
-0.461523
1.82853
-0.58482
-0.698298
1.84341
-0.657194
-0.74326
1.83468
-0.454177
0.0416095
1.84093
-0.415696
-0.350847
1.64748
-0.381265
-0.600976
1.6161
-0.385339
-0.654445
1.55794
-0.534875
0.113993
1.83941
-0.542596
0.170038
1.89713
-0.554309
0.517039
1.91493
-0.541851
0.681752
1.8578
-0.736286
0.42252
1.90758
-0.910655
0.355721
1.86906
-0.938538
0.567306
1.82567
-0.929397
0.652751
1.83543
-0.390987
0.430534
1.94361
-0.210918
0.255327
1.95927
-0.0872915
0.448752
1.85518
-0.0531933
0.51101
1.8215
-0.609782
0.0343957
1.812
-0.621413
-0.452782
1.82214
-0.58698
-0.695634
1.83924
-0.657065
-0.743593
1.83526
-0.451948
0.0416819
1.83224
-0.416567
-0.346495
1.63675
-0.380268
-0.59097
1.59003
-0.383671
-0.647372
1.53876
-0.531764
0.114821
1.8286
-0.538864
0.170875
1.8855
-0.54796
0.514924
1.89814
-0.534931
0.677652
1.84473
-0.733245
0.422738
1.89949
-0.900339
0.34942
1.85472
-0.936188
0.542201
1.78796
-0.927841
0.631215
1.78508
-0.385315
0.430544
1.92969
-0.204648
0.257371
1.94644
-0.0869897
0.417045
1.84461
-0.0521016
0.506184
1.8193
-0.607798
0.0351603
1.8026
-0.622906
-0.446488
1.81733
-0.591
-0.692874
1.83466
-0.657239
-0.744319
1.83611
-0.448669
0.0418523
1.82176
-0.417511
-0.342358
1.6282
-0.375549
-0.599574
1.56776
-0.361566
-0.65652
1.48308
-0.528069
0.115461
1.81684
-0.533961
0.171531
1.87283
-0.541408
0.512374
1.88105
-0.527871
0.672885
1.83084
-0.73031
0.422653
1.89149
-0.891394
0.33953
1.84248
-0.920009
0.515048
1.7407
-0.907471
0.604077
1.72211
-0.378769
0.429373
1.91071
-0.204188
0.259105
1.93445
-0.0834146
0.394252
1.82695
-0.0479088
0.463123
1.78884
-0.605342
0.0355699
1.79245
-0.623792
-0.441883
1.8132
-0.59508
-0.690061
1.83051
-0.657379
-0.744866
1.83658
-0.444666
0.0419267
1.81
-0.418126
-0.33735
1.61974
-0.370781
-0.604579
1.54651
-0.34912
-0.659614
1.44469
-0.52381
0.116403
1.80385
-0.52862
0.172281
1.85945
-0.536068
0.510198
1.86627
-0.519917
0.666532
1.81365
-0.727549
0.423081
1.88346
-0.883088
0.328731
1.83111
-0.916639
0.480126
1.70208
-0.894986
0.558648
1.65865
-0.373427
0.428258
1.89431
-0.210858
0.257856
1.92038
-0.0836622
0.346139
1.78805
-0.0423197
0.411855
1.74865
-0.602111
0.0360759
1.7808
-0.624216
-0.438439
1.80892
-0.599843
-0.687762
1.82639
-0.657697
-0.745714
1.83697
-0.439891
0.0423607
1.79622
-0.418469
-0.333697
1.61315
-0.366634
-0.607579
1.52529
-0.34191
-0.659654
1.41439
-0.518654
0.116926
1.78814
-0.522414
0.172642
1.84342
-0.529691
0.507655
1.84826
-0.511922
0.657908
1.79234
-0.723517
0.423886
1.87058
-0.8756
0.31951
1.81953
-0.914072
0.467326
1.68572
-0.87733
0.516106
1.61312
-0.367323
0.426049
1.87522
-0.222072
0.253085
1.90643
-0.0946221
0.289052
1.75488
-0.0389645
0.331579
1.69329
-0.597644
0.0361951
1.7654
-0.623469
-0.433881
1.80059
-0.606284
-0.68466
1.82123
-0.657268
-0.747044
1.83737
-0.434629
0.0421373
1.78079
-0.418363
-0.330777
1.60745
-0.363187
-0.608444
1.50554
-0.337599
-0.658678
1.39095
-0.512253
0.116306
1.76868
-0.515019
0.171791
1.82373
-0.522017
0.503712
1.82647
-0.504594
0.647975
1.76914
-0.719285
0.423022
1.853
-0.869433
0.310716
1.80231
-0.889311
0.450126
1.65297
-0.849517
0.492243
1.57131
-0.360716
0.422687
1.85393
-0.235052
0.244442
1.89257
-0.106507
0.233001
1.73038
-0.0466452
0.24193
1.63837
-0.592156
0.0350939
1.74683
-0.62272
-0.431777
1.79286
-0.611525
-0.681128
1.81569
-0.629977
-0.741632
1.76993
-0.427675
0.0402501
1.76031
-0.417194
-0.329879
1.6017
-0.359845
-0.609578
1.48681
-0.33466
-0.658058
1.37196
-0.504967
0.113477
1.74655
-0.5074
0.168929
1.80161
-0.514145
0.499119
1.80291
-0.495268
0.637339
1.74472
-0.710795
0.420332
1.82492
-0.863328
0.305193
1.78415
-0.851508
0.434872
1.6196
-0.829751
0.457751
1.5908
-0.351727
0.416927
1.82932
-0.246136
0.233373
1.87538
-0.113521
0.180344
1.69607
-0.0665437
0.155006
1.61423
-0.584799
0.0319953
1.72324
-0.620368
-0.43419
1.78081
-0.614915
-0.677678
1.80925
-0.63557
-0.743774
1.77168
-0.42091
0.0363353
1.74016
-0.412688
-0.332594
1.59222
-0.357035
-0.612067
1.47169
-0.332651
-0.658996
1.35814
-0.496836
0.109258
1.72358
-0.498912
0.16484
1.77825
-0.504601
0.493377
1.77603
-0.484241
0.627788
1.72193
-0.701614
0.418217
1.79905
-0.85638
0.30332
1.76109
-0.829092
0.433481
1.60014
-0.809254
0.468745
1.5655
-0.340316
0.409591
1.80309
-0.252277
0.227786
1.85872
-0.118531
0.138616
1.66269
-0.0875688
0.119849
1.62516
-0.577597
0.0282965
1.70149
-0.616338
-0.440053
1.76638
-0.61649
-0.676889
1.80345
-0.650435
-0.743407
1.78276
-0.412374
0.0302107
1.71713
-0.404315
-0.34042
1.57818
-0.354174
-0.616129
1.45426
-0.331664
-0.661118
1.3432
-0.487476
0.105303
1.69904
-0.489636
0.161103
1.75306
-0.492724
0.487611
1.74564
-0.468363
0.617806
1.69297
-0.686196
0.413979
1.76403
-0.847887
0.304502
1.73856
-0.813791
0.435511
1.58489
-0.791715
0.45388
1.55545
-0.326612
0.405127
1.77702
-0.26427
0.219886
1.83269
-0.120806
0.127472
1.65178
-0.100207
0.102112
1.6131
-0.569119
0.0243528
1.67818
-0.612053
-0.44614
1.75234
-0.615987
-0.671283
1.78931
-0.650826
-0.740208
1.79117
-0.403291
0.0252978
1.69386
-0.39484
-0.348535
1.56288
-0.351383
-0.62026
1.4364
-0.330959
-0.663486
1.32778
-0.478039
0.101982
1.67528
-0.479713
0.15813
1.72868
-0.482242
0.484304
1.7193
-0.449832
0.608519
1.65915
-0.673734
0.412634
1.7387
-0.838263
0.308146
1.71658
-0.805156
0.443443
1.57313
-0.768965
0.482487
1.52661
-0.310388
0.401031
1.74512
-0.26736
0.212275
1.8136
-0.12471
0.115725
1.62761
-0.111602
0.0759283
1.57901
-0.559613
0.0209114
1.65394
-0.607715
-0.4521
1.73766
-0.615616
-0.669626
1.78084
-0.62905
-0.740443
1.73853
-0.394697
0.0215454
1.67239
-0.384268
-0.35569
1.54553
-0.350458
-0.624996
1.42349
-0.332993
-0.668344
1.31591
-0.466962
0.0993193
1.64859
-0.46745
0.156721
1.69989
-0.462175
0.483166
1.67939
-0.42696
0.605774
1.61912
-0.654731
0.412483
1.70512
-0.824322
0.316014
1.69157
-0.799001
0.456738
1.55825
-0.753943
0.510863
1.49849
-0.294081
0.399942
1.71355
-0.254201
0.19612
1.76983
-0.126667
0.111095
1.58762
-0.117984
0.0590056
1.53414
-0.550359
0.0196815
1.63108
-0.603149
-0.456966
1.71927
-0.615175
-0.669284
1.77306
-0.660884
-0.721249
1.73509
-0.384655
0.0172204
1.64664
-0.371395
-0.363416
1.52452
-0.350233
-0.631345
1.41504
-0.336985
-0.679241
1.30863
-0.456416
0.0989191
1.62403
-0.455746
0.157909
1.67328
-0.441592
0.486917
1.64509
-0.416568
0.610467
1.58865
-0.630752
0.417429
1.66821
-0.802752
0.327679
1.66483
-0.957882
0.274242
1.64899
-1.01603
0.240507
1.65486
-0.275245
0.400068
1.68166
-0.232557
0.185955
1.72633
-0.12305
0.0997483
1.53368
-0.116799
0.0460807
1.47856
-0.54105
0.0210592
1.60849
-0.587729
-0.446871
1.67258
-0.603312
-0.659749
1.74033
-0.674335
-0.689766
1.72811
-0.37634
0.0152269
1.62451
-0.360495
-0.367928
1.50817
-0.35053
-0.637299
1.40932
-0.341579
-0.690598
1.30475
-0.445259
0.0983549
1.59887
-0.443789
0.159172
1.64613
-0.425304
0.491225
1.61492
-0.404275
0.61202
1.54597
-0.605579
0.419999
1.63151
-0.779711
0.337674
1.63757
-0.76558
0.43302
1.50674
-0.746766
0.493865
1.49423
-0.256957
0.400142
1.64829
-0.212069
0.209447
1.69024
-0.117788
0.0907578
1.48295
-0.110521
0.0325294
1.42426
-0.530254
0.0226006
1.5845
-0.577546
-0.436059
1.63387
-0.589518
-0.650101
1.70706
-0.677275
-0.673041
1.71964
-0.367446
0.0140881
1.60163
-0.349697
-0.371296
1.49274
-0.348585
-0.643721
1.40589
-0.341706
-0.702333
1.30402
-0.434544
0.0974034
1.57356
-0.430808
0.160499
1.61654
-0.407773
0.496325
1.57881
-0.393895
0.618676
1.51328
-0.588847
0.421732
1.6064
-0.761854
0.342341
1.61816
-0.766429
0.418737
1.47651
-0.750444
0.446763
1.46819
-0.241782
0.403713
1.61162
-0.197497
0.232188
1.65989
-0.11617
0.0881204
1.45157
-0.103589
0.0226916
1.38182
-0.519087
0.0240605
1.55906
-0.56929
-0.415814
1.58131
-0.575768
-0.636264
1.66111
-0.673596
-0.658194
1.69224
-0.359504
0.0132072
1.58035
-0.34059
-0.373926
1.47925
-0.345749
-0.650822
1.40541
-0.341179
-0.715943
1.30788
-0.427042
0.0973408
1.5546
-0.423374
0.161393
1.59618
-0.399496
0.498041
1.56104
-0.376264
0.610559
1.47854
-0.561214
0.433891
1.56974
-0.745596
0.344811
1.60069
-0.728564
0.431727
1.42192
-0.71161
0.457785
1.39472
-0.229931
0.407899
1.58447
-0.18309
0.245189
1.63016
-0.114985
0.0873149
1.41719
-0.10035
0.0116101
1.34541
-0.511104
0.0259376
1.54201
-0.567799
-0.394482
1.52621
-0.560791
-0.617362
1.61826
-0.600092
-0.674464
1.60927
-0.353044
0.0139948
1.55789
-0.333565
-0.37525
1.46825
-0.34367
-0.656699
1.40667
-0.340554
-0.726997
1.31343
-0.420198
0.0986507
1.53623
-0.415727
0.163323
1.57564
-0.39194
0.499153
1.54285
-0.362811
0.605412
1.45267
-0.549304
0.439085
1.55294
-0.72147
0.348869
1.57428
-0.711327
0.444033
1.3913
-0.702626
0.481077
1.33221
-0.220451
0.414354
1.55942
-0.168508
0.253169
1.59902
-0.113566
0.0873152
1.38472
-0.105295
0.014794
1.33648
-0.503416
0.0289128
1.52661
-0.569823
-0.370722
1.47079
-0.558384
-0.584078
1.5545
-0.560714
-0.662211
1.50913
-0.347728
0.0166297
1.53619
-0.328641
-0.37548
1.46023
-0.34113
-0.660463
1.40589
-0.339613
-0.732432
1.31418
-0.415115
0.102389
1.52051
-0.410568
0.166995
1.55925
-0.389284
0.501673
1.53008
-0.356297
0.603427
1.43877
-0.542714
0.44232
1.54257
-0.709859
0.349729
1.55845
-0.698426
0.449934
1.37176
-0.688827
0.488168
1.30539
-0.211563
0.422582
1.5401
-0.157343
0.257204
1.57473
-0.112109
0.0871022
1.36183
-0.107326
0.00923198
1.30038
-0.497458
0.0327381
1.51369
-0.570548
-0.353614
1.42209
-0.555636
-0.571024
1.52602
-0.545231
-0.661258
1.47744
-0.342233
0.0208941
1.51633
-0.324999
-0.37444
1.45343
-0.328873
-0.662925
1.39999
-0.32689
-0.734412
1.30836
-0.407946
0.108419
1.49944
-0.401293
0.175287
1.528
-0.373956
0.500753
1.48545
-0.341789
0.600983
1.40966
-0.533229
0.453683
1.52149
-0.694008
0.351207
1.53981
-0.688549
0.452011
1.35438
-0.682033
0.486254
1.27984
-0.204586
0.431049
1.52246
-0.146079
0.259686
1.55306
-0.110574
0.0895705
1.33954
-0.111823
0.011646
1.26958
-0.490364
0.0387476
1.49825
-0.565703
-0.341003
1.38203
-0.551874
-0.550872
1.46798
-0.532083
-0.64305
1.40512
-0.337709
0.0255097
1.49909
-0.32206
-0.373226
1.4468
-0.315207
-0.664644
1.39571
-0.309261
-0.735537
1.30403
-0.401084
0.113535
1.48114
-0.393043
0.180619
1.50518
-0.359863
0.502442
1.45652
-0.330585
0.60126
1.38761
-0.527696
0.461455
1.5087
-0.680939
0.351446
1.52415
-0.679886
0.449439
1.33839
-0.675907
0.482104
1.26276
-0.199528
0.436979
1.5049
-0.135687
0.264345
1.53366
-0.110345
0.0985427
1.31628
-0.120633
0.0306805
1.26684
-0.483737
0.0450668
1.48302
-0.556308
-0.317494
1.33052
-0.548031
-0.514832
1.40062
-0.53086
-0.603233
1.32825
-0.332725
0.0304352
1.4816
-0.319097
-0.371665
1.43911
-0.305814
-0.665823
1.39321
-0.299519
-0.73608
1.30213
-0.395096
0.117408
1.46518
-0.386877
0.184291
1.48654
-0.352853
0.504519
1.44072
-0.32206
0.601828
1.37048
-0.520716
0.468231
1.49243
-0.669166
0.350504
1.50952
-0.724979
0.391306
1.30905
-0.740829
0.407781
1.23696
-0.195039
0.442602
1.48891
-0.128436
0.267484
1.51878
-0.109398
0.103201
1.30139
-0.122922
0.0448186
1.25707
-0.477193
0.0507226
1.46782
-0.545372
-0.297675
1.28114
-0.537912
-0.5045
1.3746
-0.524665
-0.594685
1.30322
-0.32768
0.0348036
1.46497
-0.31585
-0.370105
1.42948
-0.30032
-0.666614
1.39109
-0.293886
-0.736202
1.30052
-0.387922
0.121547
1.4466
-0.379454
0.18854
1.46506
-0.344814
0.510983
1.4228
-0.312193
0.605362
1.35049
-0.514531
0.473522
1.47747
-0.658765
0.349047
1.49325
-0.78622
0.352702
1.30446
-0.825822
0.359013
1.24354
-0.191678
0.448725
1.47108
-0.121106
0.272292
1.50409
-0.106385
0.109998
1.28718
-0.12253
0.0568021
1.24829
-0.46953
0.0570897
1.44964
-0.533874
-0.279408
1.23486
-0.512465
-0.491551
1.3317
-0.510763
-0.584696
1.27729
-0.320928
0.0400088
1.44516
-0.31173
-0.366587
1.41566
-0.305182
-0.665138
1.39282
-0.307515
-0.733782
1.30644
-0.383879
0.123696
1.43374
-0.376442
0.190853
1.45249
-0.361745
0.536333
1.41435
-0.315203
0.616524
1.33761
-0.504924
0.47987
1.45562
-0.651529
0.347367
1.48133
-0.826803
0.310906
1.31761
-0.889897
0.29725
1.27427
-0.189111
0.452829
1.45467
-0.115272
0.27615
1.49162
-0.102529
0.115439
1.27539
-0.119781
0.0658372
1.23939
-0.463227
0.0612738
1.43358
-0.524739
-0.267683
1.20237
-0.491239
-0.474306
1.27852
-0.488512
-0.56242
1.22856
-0.315523
0.043268
1.42854
-0.30737
-0.361978
1.40048
-0.352291
-0.652219
1.38155
-0.374675
-0.714896
1.29499
-0.380073
0.124691
1.41811
-0.374675
0.192251
1.4392
-0.368166
0.545502
1.40888
-0.318211
0.624088
1.32854
-0.496892
0.482235
1.43857
-0.645513
0.344693
1.47071
-0.842026
0.291267
1.32151
-0.912807
0.269733
1.28563
-0.186202
0.455403
1.43918
-0.110544
0.279342
1.4802
-0.0982581
0.119709
1.26492
-0.115029
0.0725284
1.22971
-0.45771
0.0639804
1.41694
-0.510783
-0.251267
1.15827
-0.473002
-0.457776
1.22029
-0.443589
-0.524351
1.24341
-0.309069
0.0451969
1.40942
-0.303535
-0.359279
1.3844
-0.425623
-0.621387
1.31688
-0.45693
-0.662177
1.22499
-0.377394
0.123669
1.40099
-0.375062
0.192219
1.42668
-0.38481
0.552902
1.40596
-0.329963
0.632576
1.32129
-0.486634
0.483431
1.41869
-0.640148
0.341178
1.46056
-0.847942
0.275998
1.32596
-0.920937
0.248864
1.29621
-0.183064
0.456884
1.424
-0.106156
0.281841
1.46776
-0.0926454
0.122595
1.25403
-0.108443
0.0759694
1.21916
-0.451165
0.0642208
1.39559
-0.499936
-0.240889
1.12293
-0.444075
-0.443312
1.17225
-0.412319
-0.506533
1.15451
-0.302892
0.0453389
1.38854
-0.300891
-0.357617
1.36794
-0.436401
-0.618565
1.30122
-0.468063
-0.657821
1.20673
-0.375119
0.121891
1.3808
-0.376605
0.190694
1.40978
-0.39584
0.554474
1.40007
-0.34022
0.637114
1.31342
-0.479552
0.483032
1.40299
-0.634639
0.335332
1.44676
-0.845844
0.263517
1.32704
-0.915985
0.233051
1.3004
-0.17935
0.457656
1.41111
-0.10206
0.283427
1.45491
-0.085936
0.124336
1.24231
-0.101622
0.0761855
1.21005
-0.44615
0.0629082
1.37479
-0.488359
-0.229104
1.08521
-0.484254
-0.443436
0.948437
-0.48933
-0.484287
0.841905
-0.297733
0.0449634
1.36902
-0.299565
-0.355943
1.34722
-0.423198
-0.623782
1.30986
-0.442315
-0.681793
1.22949
-0.374721
0.125503
1.35958
-0.380062
0.192685
1.39262
-0.445062
0.546833
1.3852
-0.39121
0.637115
1.29666
-0.546093
0.408295
1.41373
-0.670251
0.281111
1.44315
-0.859524
0.138826
1.44508
-0.914534
0.0870019
1.46159
-0.175214
0.457201
1.39862
-0.0975666
0.283701
1.4408
-0.0795261
0.12411
1.23029
-0.0924776
0.0735852
1.19749
-0.446469
0.0570381
1.35132
-0.476341
-0.223181
1.05043
-0.491498
-0.438655
0.799969
-0.494102
-0.46283
0.692064
-0.272308
0.0471148
1.33185
-0.297954
-0.352525
1.32669
-0.390303
-0.631047
1.31081
-0.407398
-0.697612
1.23252
-0.373977
0.12864
1.34105
-0.382532
0.194054
1.37661
-0.468795
0.539224
1.3731
-0.413034
0.635313
1.2862
-0.559921
0.386891
1.4057
-0.684918
0.252322
1.43433
-0.859979
0.0558437
1.49329
-0.907554
0.00152232
1.51638
-0.170403
0.454992
1.38483
-0.093823
0.283441
1.42618
-0.074014
0.123481
1.21739
-0.0859522
0.0705867
1.18667
-0.447067
0.0512682
1.33243
-0.464802
-0.219364
1.02407
-0.487377
-0.433088
0.722775
-0.494572
-0.452667
0.613105
-0.260398
0.0474102
1.31366
-0.295455
-0.347468
1.30497
-0.365777
-0.632266
1.31639
-0.383564
-0.709536
1.24373
-0.37274
0.130994
1.32243
-0.383559
0.194637
1.35942
-0.479223
0.530415
1.35815
-0.425954
0.631432
1.27477
-0.577469
0.365653
1.40315
-0.690459
0.229041
1.41891
-0.843239
-0.000109375
1.48378
-0.876244
-0.0580083
1.49214
-0.166204
0.451769
1.36903
-0.0889422
0.281884
1.4056
-0.069195
0.121223
1.19895
-0.0805912
0.0661497
1.16961
-0.447525
0.0454873
1.31449
-0.453726
-0.218996
1.00399
-0.474968
-0.431678
0.701763
-0.481929
-0.451948
0.593207
-0.251897
0.0469456
1.29799
-0.292471
-0.344875
1.28836
-0.352328
-0.632995
1.31675
-0.372894
-0.715047
1.24648
-0.370073
0.126616
1.2968
-0.384445
0.18813
1.33442
-0.476499
0.515752
1.33197
-0.431858
0.623083
1.25717
-0.53899
0.418006
1.3534
-0.640549
0.27026
1.37985
-0.734893
0.221166
1.23644
-0.758399
0.223622
1.17704
-0.163067
0.447318
1.35263
-0.0849869
0.27986
1.38576
-0.0665506
0.118491
1.18001
-0.0766111
0.0632681
1.14486
-0.4444
0.0416979
1.28998
-0.438796
-0.22466
0.987369
-0.449303
-0.44161
0.694787
-0.445284
-0.465754
0.585929
-0.248737
0.0441454
1.2835
-0.288362
-0.346238
1.27
-0.346328
-0.631548
1.32201
-0.371385
-0.722621
1.27245
-0.360193
0.118897
1.26892
-0.363784
0.175136
1.29655
-0.392758
0.481074
1.28411
-0.367343
0.586722
1.20505
-0.530596
0.427084
1.32936
-0.61983
0.276713
1.34966
-0.718556
0.182195
1.22483
-0.741723
0.173337
1.17174
-0.161752
0.442231
1.33301
-0.0821517
0.276911
1.3637
-0.0665292
0.116285
1.15555
-0.0760002
0.0615267
1.1181
-0.440878
0.0387406
1.27005
-0.427875
-0.232909
0.976676
-0.349839
-0.510944
0.936013
-0.294648
-0.561819
0.969133
-0.248919
0.0383361
1.26664
-0.283212
-0.369893
1.23831
-0.310079
-0.66351
1.24948
-0.323258
-0.730162
1.18227
-0.352924
0.112316
1.2487
-0.353588
0.167713
1.27672
-0.358843
0.463894
1.2565
-0.330022
0.566639
1.1753
-0.519391
0.435888
1.30423
-0.604567
0.280922
1.32721
-0.69444
0.199626
1.17404
-0.714434
0.193812
1.10509
-0.162835
0.436568
1.31232
-0.081501
0.274514
1.33962
-0.0692715
0.115747
1.12825
-0.0795569
0.0622045
1.08937
-0.436645
0.0344717
1.24841
-0.419313
-0.242343
0.964702
-0.372179
-0.495075
0.809971
-0.373216
-0.521924
0.705053
-0.250528
0.0307037
1.24721
-0.280414
-0.379235
1.22267
-0.292396
-0.678602
1.21288
-0.29482
-0.73678
1.12537
-0.345372
0.104418
1.22553
-0.345205
0.159716
1.25537
-0.337071
0.450837
1.23393
-0.311284
0.553412
1.15373
-0.51276
0.435847
1.28149
-0.5944
0.277805
1.30586
-0.674074
0.200837
1.13795
-0.697898
0.196986
1.06771
-0.165121
0.431093
1.29021
-0.0815062
0.26944
1.30408
-0.0744474
0.114628
1.08861
-0.0881348
0.0608597
1.05616
-0.430362
0.027863
1.22033
-0.412089
-0.260022
0.951721
-0.372351
-0.508629
0.786318
-0.363395
-0.547012
0.692296
-0.251354
0.0231883
1.22494
-0.277257
-0.384314
1.20864
-0.282056
-0.685529
1.18966
-0.28091
-0.740758
1.09611
-0.339409
0.0953611
1.20129
-0.339172
0.150979
1.23321
-0.325927
0.441906
1.216
-0.299311
0.543424
1.13557
-0.508412
0.425899
1.25181
-0.586261
0.264473
1.27665
-0.665654
0.191853
1.11443
-0.689589
0.172372
1.04513
-0.169895
0.423054
1.26284
-0.0822133
0.264758
1.27524
-0.0791735
0.114116
1.0566
-0.0959701
0.0645055
1.01523
-0.425196
0.0208693
1.19555
-0.407098
-0.278252
0.939855
-0.377297
-0.521468
0.762616
-0.376309
-0.561268
0.651535
-0.252091
0.0146167
1.19702
-0.272946
-0.384726
1.18752
-0.274879
-0.687671
1.16689
-0.27206
-0.7443
1.07206
-0.334876
0.0856398
1.17617
-0.335271
0.141598
1.20946
-0.321562
0.434401
1.19623
-0.291652
0.535044
1.1175
-0.50738
0.407721
1.21791
-0.582553
0.245973
1.24609
-0.648677
0.168747
1.08408
-0.662297
0.122859
1.02129
-0.173785
0.415571
1.23888
-0.0833083
0.257853
1.24417
-0.0852188
0.114355
1.01982
-0.101811
0.0648885
0.981366
-0.420256
0.0101991
1.16441
-0.402394
-0.341395
0.89869
-0.385495
-0.558726
0.727644
-0.383556
-0.5811
0.623826
-0.251431
0.00750491
1.17351
-0.26873
-0.385911
1.17467
-0.269571
-0.689797
1.15516
-0.26552
-0.746908
1.05957
-0.331295
0.0740172
1.14892
-0.33231
0.130452
1.18207
-0.32227
0.426587
1.16864
-0.286926
0.526591
1.09432
-0.504885
0.391272
1.1842
-0.579942
0.232584
1.21939
-0.636087
0.146149
1.06073
-0.645963
0.088669
1.00707
-0.179839
0.400795
1.20265
-0.0825663
0.251211
1.21988
-0.0884466
0.114843
0.991524
-0.102941
0.0501749
0.904668
-0.416259
0.00034573
1.13833
-0.400366
-0.376364
0.874895
-0.39073
-0.584995
0.706729
-0.388739
-0.59901
0.605627
-0.250159
-0.000433471
1.14834
-0.263959
-0.38794
1.16447
-0.265339
-0.691633
1.14755
-0.259741
-0.750341
1.05224
-0.327221
0.0644739
1.12387
-0.328132
0.1212
1.15516
-0.313609
0.418114
1.13594
-0.277037
0.517456
1.06472
-0.504398
0.37439
1.14821
-0.57636
0.219046
1.19378
-0.615684
0.122267
1.03525
-0.625257
0.0619799
0.991122
-0.182146
0.391965
1.17929
-0.0835195
0.237739
1.17772
-0.0916118
0.11032
0.946451
-0.103486
0.0448072
0.845222
-0.412808
-0.00901757
1.11226
-0.396489
-0.39842
0.857774
-0.38975
-0.604946
0.691655
-0.387076
-0.616125
0.591837
-0.247702
-0.00812607
1.12367
-0.254953
-0.425206
1.1534
-0.259284
-0.69941
1.14292
-0.252755
-0.755307
1.04879
-0.321209
0.0488621
1.09225
-0.320872
0.106031
1.12032
-0.295604
0.404874
1.0974
-0.260604
0.504722
1.02765
-0.492442
0.355685
1.10099
-0.563455
0.183654
1.15273
-0.612611
0.101767
1.00088
-0.620836
0.0421375
0.96639
-0.180273
0.371058
1.14118
-0.0777993
0.226475
1.15369
-0.0906522
0.115235
0.913106
-0.10333
0.0485849
0.819217
-0.408965
-0.0213364
1.08106
-0.385628
-0.418061
0.841727
-0.37247
-0.629417
0.67837
-0.363271
-0.64371
0.580165
-0.244809
-0.0191393
1.09952
-0.245938
-0.454887
1.13984
-0.25056
-0.711433
1.13639
-0.242652
-0.763824
1.0449
-0.315299
0.0269008
1.06219
-0.315046
0.0848112
1.08506
-0.280336
0.383102
1.05443
-0.244651
0.484101
0.982578
-0.462633
0.335487
1.0471
-0.553363
0.160274
1.12328
-0.504387
-0.00753284
0.982252
-0.482072
-0.0871806
0.956445
-0.178279
0.354814
1.10916
-0.0696591
0.208194
1.1026
-0.0863565
0.125228
0.892707
-0.0998221
0.0646297
0.811628
-0.40262
-0.0351585
1.05314
-0.375266
-0.433881
0.824548
-0.35848
-0.648676
0.66349
-0.341679
-0.667403
0.566583
-0.243063
-0.0336484
1.07798
-0.221737
-0.482875
1.12489
-0.204765
-0.735462
1.1256
-0.180038
-0.786526
1.04065
-0.310714
0.00599407
1.03918
-0.309729
0.0658937
1.05745
-0.258273
0.36324
1.01481
-0.224733
0.46551
0.942104
-0.422476
0.314364
0.994039
-0.549229
0.15145
1.10249
-0.460111
-0.0537108
0.958874
-0.433208
-0.136111
0.934273
-0.175437
0.339157
1.07139
-0.0568614
0.196908
1.05333
-0.0827136
0.129581
0.874201
-0.075348
0.126643
0.866169
-0.395163
-0.0488731
1.02885
-0.363829
-0.446027
0.80247
-0.344032
-0.663092
0.641964
-0.321236
-0.685396
0.547435
-0.243591
-0.047973
1.06122
-0.203925
-0.500651
1.1173
-0.170724
-0.751134
1.1246
-0.134912
-0.802054
1.04595
-0.305876
-0.0126658
1.0203
-0.303148
0.0477738
1.0327
-0.239596
0.342338
0.97751
-0.207234
0.4463
0.904599
-0.391293
0.295701
0.951482
-0.501696
0.138593
1.03076
-0.406843
-0.106789
0.918214
-0.379403
-0.187389
0.894324
-0.17578
0.327024
1.03196
-0.0447026
0.194723
0.99245
-0.0821991
0.12614
0.848264
-0.0690121
0.112372
0.819887
-0.3859
-0.0628844
1.00789
-0.346705
-0.454974
0.774764
-0.320519
-0.672821
0.610599
-0.293967
-0.698969
0.520106
-0.244189
-0.0606842
1.04715
-0.18374
-0.513448
1.10968
-0.345413
-0.446927
1.05709
-0.256338
-0.50976
1.0407
-0.301825
-0.0244052
1.00773
-0.297881
0.0364398
1.01694
-0.217046
0.323512
0.960672
-0.187256
0.428559
0.882758
-0.362869
0.275085
0.913166
-0.443963
0.112604
0.953226
-0.376287
-0.151708
0.877507
-0.352875
-0.231944
0.858037
-0.16985
0.31804
1.01545
-0.0447582
0.183543
0.913897
-0.0536039
0.0948616
0.777534
-0.0395781
0.0742259
0.745173
-0.38009
-0.0731021
0.992968
-0.331844
-0.46096
0.7528
-0.299608
-0.67862
0.586196
-0.266535
-0.707941
0.498819
-0.243461
-0.072274
1.03407
-0.169512
-0.521737
1.10513
-0.33535
-0.361563
0.996963
-0.258269
-0.421583
0.994276
-0.301122
-0.0319213
0.996121
-0.29578
0.0288723
1.00527
-0.199497
0.295072
0.960081
-0.17094
0.405644
0.872926
-0.348157
0.254281
0.890415
-0.414895
0.0835659
0.895539
-0.368079
-0.17691
0.854061
-0.334557
-0.303221
0.830541
-0.159164
0.300293
1.00782
-0.0436411
0.240075
0.834364
-0.0688653
0.0944452
0.786779
-0.0798311
0.0544951
0.792864
-0.392398
-0.0845674
0.963432
-0.302122
-0.466362
0.73644
-0.226185
-0.684812
0.578197
-0.182502
-0.716526
0.497817
-0.24411
-0.078558
1.02057
-0.156674
-0.524167
1.10166
-0.342286
-0.26817
0.943014
-0.272149
-0.3352
0.959601
-0.286094
-0.0860937
0.97981
-0.282261
-0.0223221
0.987058
-0.194147
0.279651
0.956031
-0.157632
0.358877
0.857897
-0.33819
0.208515
0.873511
-0.377713
-0.0163738
0.847985
-0.353479
-0.239823
0.827768
-0.33876
-0.312412
0.82543
-0.153188
0.286272
1.00151
-0.0491415
0.250639
0.800446
-0.0713875
0.0844301
0.774147
-0.0862745
0.0297921
0.779179
-0.362759
-0.130768
0.952722
-0.294818
-0.490622
0.705869
-0.239269
-0.710533
0.530458
-0.190339
-0.739961
0.454168
-0.237474
-0.139562
1.00003
-0.109165
-0.552708
1.13422
-0.0499131
-0.722375
1.19948
0.00862636
-0.768178
1.15151
-0.275144
-0.170246
0.967086
-0.272993
-0.101365
0.97379
-0.203254
0.233612
0.953558
-0.128098
0.302286
0.866852
-0.331575
0.11827
0.875429
-0.360994
-0.137366
0.838627
-0.341504
-0.327159
0.805702
-0.319513
-0.388808
0.79842
-0.150796
0.243406
0.997031
-0.0504766
0.242131
0.776728
-0.0828818
0.050275
0.767306
-0.10193
-0.0159607
0.7708
-0.337149
-0.213824
0.943844
-0.269535
-0.584652
0.702024
-0.223212
-0.807196
0.537859
-0.173076
-0.835538
0.462171
-0.233402
-0.228299
0.985016
-0.0101365
-0.550931
1.19848
0.108445
-0.665029
1.29058
0.175625
-0.70568
1.24854
-0.256817
-0.255475
0.958194
-0.258211
-0.179141
0.961561
-0.222666
0.198512
0.932177
-0.187669
0.33687
0.904614
-0.343788
0.0138484
0.883326
-0.336677
-0.245618
0.837445
-0.323282
-0.425142
0.829386
-0.313094
-0.47671
0.83272
-0.156784
0.209908
0.981197
-0.0599919
0.219521
0.760137
-0.0983502
0.0188069
0.749979
-0.118198
-0.0507996
0.749789
-0.310466
-0.312837
0.945541
-0.244098
-0.696245
0.713449
-0.204887
-0.921768
0.560856
-0.161763
-0.949616
0.481788
-0.211903
-0.31238
0.972774
0.0457278
-0.489075
1.25391
-0.069622
-0.609528
1.18589
-0.105467
-0.551877
1.09988
-0.224852
-0.350211
0.966089
-0.236649
-0.276675
0.965035
-0.265165
0.0904627
0.917733
-0.205604
0.25924
0.944506
-0.359231
-0.038284
0.893516
-0.322835
-0.279404
0.862323
-0.175017
-0.281842
0.918842
-0.140108
-0.314379
0.92965
-0.194433
0.0896852
0.965001
-0.286664
-0.144562
0.87594
-0.330092
-0.316718
0.825057
-0.321406
-0.343431
0.801975
-0.26222
-0.401314
0.957602
-0.256318
-0.763655
0.694521
-0.259746
-0.982507
0.523665
-0.224795
-1.0072
0.440005
-0.178694
-0.394239
0.982482
0.142308
-0.457443
1.24833
0.0274517
-0.634352
1.15378
-0.0250137
-0.570277
1.08238
-0.203221
-0.370045
0.969419
-0.223063
-0.305284
0.966684
-0.29162
0.0288419
0.911295
-0.229966
0.227832
0.977312
-0.362839
-0.054683
0.894013
-0.315616
-0.292559
0.870905
-0.16023
-0.201917
0.903887
-0.100691
-0.208765
0.92724
-0.21535
0.0284974
0.957686
-0.224824
0.208957
0.927353
-0.292675
0.0712767
0.821999
-0.323088
-0.0135258
0.790919
-0.236573
-0.421476
0.959964
-0.267757
-0.79235
0.682927
-0.315154
-1.00272
0.496477
-0.288671
-1.0237
0.408219
-0.139548
-0.387626
0.98816
0.189372
-0.256854
1.20474
0.0276542
-0.404744
1.08931
-0.0441013
-0.432326
1.02057
-0.195301
-0.356384
0.964713
-0.215058
-0.289123
0.962745
-0.280143
0.0578888
0.917268
-0.236812
0.217477
0.989836
-0.364022
-0.0642382
0.8928
-0.300572
-0.303373
0.875058
-0.129109
-0.166879
0.900162
-0.0611669
-0.115618
0.922965
-0.220598
0.00811614
0.954337
-0.241848
0.230176
0.944594
-0.297009
0.0866881
0.833886
-0.339739
0.00718872
0.801286
-0.232425
-0.422634
0.958089
-0.342214
-0.783166
0.671906
-0.430774
-0.978871
0.48438
-0.409541
-0.998042
0.393842
-0.1285
-0.362504
0.977744
0.224113
-0.194
1.19331
-0.177478
-0.286631
0.890359
-0.1472
-0.316136
0.855389
-0.244548
-0.296058
0.8875
-0.25648
-0.249691
0.899982
-0.302408
0.00578205
0.904481
-0.249756
0.195357
0.970269
-0.365907
-0.0645988
0.891822
-0.296743
-0.302709
0.878985
-0.107569
-0.135139
0.895057
-0.0593477
-0.0742623
0.897349
-0.22795
-0.0102389
0.949323
-0.291573
0.199419
0.96249
-0.353581
0.0624304
0.836326
-0.357316
0.0262273
0.78687
-0.290698
-0.347145
0.839405
-0.364602
-0.79019
0.704303
-0.420998
-1.01626
0.629791
-0.398715
-1.04377
0.544909
-0.180553
-0.316803
0.926137
0.153358
-0.0768126
1.09313
-0.25102
-0.177272
0.789379
-0.265182
-0.209451
0.709466
-0.272592
-0.332004
0.86693
-0.284192
-0.278995
0.881341
-0.30781
-0.00224334
0.900141
-0.254558
0.187137
0.964886
-0.361601
-0.0575045
0.888912
-0.308543
-0.293462
0.87989
-0.279845
-0.0539603
0.847455
-0.23809
0.0255625
0.848359
-0.233153
-0.0211202
0.945636
-0.300126
0.21316
0.969054
-0.335104
0.0743906
0.826461
-0.345235
0.0320763
0.785005
-0.312816
-0.382075
0.856977
-0.371909
-0.796625
0.701789
-0.396828
-1.02658
0.584263
-0.367708
-1.04788
0.493582
-0.223634
-0.338448
0.87023
0.0386777
-0.0356362
1.00454
-0.32918
-0.116468
0.7242
-0.316809
-0.159215
0.65024
-0.229665
-0.149496
0.639685
-0.243472
-0.13483
0.691115
-0.310209
0.00160249
0.895844
-0.256426
0.184415
0.95746
-0.358925
-0.0492218
0.886974
-0.31989
-0.278318
0.877199
-0.29584
-0.0194751
0.836644
-0.285648
0.0744943
0.827695
-0.237071
-0.0225707
0.942208
-0.300547
0.222499
0.966396
-0.335406
0.0559277
0.845322
-0.357753
0.0233951
0.807372
-0.246081
-0.19951
0.611278
-0.357958
-0.650069
0.734742
-0.403611
-0.866681
0.774369
-0.417559
-0.92841
0.790182
-0.199528
-0.125348
0.622322
-0.149759
0.192698
0.928444
-0.45699
0.200465
0.702041
-0.467803
0.253626
0.663677
0
0
0
0
0
0
-0.309891
0.0104213
0.892348
-0.256077
0.185369
0.949089
-0.356296
-0.0416722
0.884864
-0.32843
-0.269307
0.873024
-0.313272
0.00680774
0.838087
-0.311274
0.102652
0.822975
-0.239165
-0.0174073
0.939158
-0.295
0.22633
0.957008
-0.330691
0.0463277
0.850986
-0.351474
0.00155031
0.820253
0
0
0
-0.213193
-0.282417
0.535548
-0.163063
-0.428774
0.655141
-0.220975
-0.407237
0.727348
0
0
0
-0.207995
-0.0955285
0.538843
-0.558659
-0.141969
0.694331
-0.478966
-0.16841
0.747349
0
0
0
0
0
0
-0.253607
0.0195196
0.90475
-0.199022
0.190071
0.946385
-0.296291
-0.0303599
0.895267
-0.297809
0.0718272
0.861437
-0.203874
0.198656
0.878912
-0.160859
0.250174
0.891216
-0.188599
-0.00217973
0.950034
-0.226119
0.215157
0.949458
-0.321456
0.0328368
0.852496
-0.353064
-0.011687
0.824263
0
0
0
-0.131167
0.0426274
0.547947
-0.0815536
-0.130503
0.722029
-0.142523
-0.0702602
0.807655
0
0
0
-0.146704
0.0824559
0.537989
-0.470827
0.151338
0.77556
-0.385281
0.117388
0.823189
0
0
0
0
0
0
0
0
0
-0.0738817
0.0509319
0.388667
-0.218862
0.0138134
0.911324
-0.253474
0.20831
0.866588
-0.240346
0.405309
0.853129
-0.233244
0.462304
0.853063
-0.184253
0.0324757
0.941827
-0.215114
0.220262
0.940062
-0.292965
0.0235777
0.852069
-0.327904
-0.0301629
0.830211
0
0
0
-0.10693
0.114943
0.548278
-0.0312806
0.00676539
0.700499
-0.113136
0.0470442
0.784763
0
0
0
-0.175855
0.0763445
0.514337
-0.522
0.16939
0.709491
-0.41811
0.135161
0.780205
0
0
0
0
0
0
0
0
0
-0.0418624
0.0277384
0.287409
-0.174522
0.0407905
0.919682
-0.222328
0.291564
0.868639
-0.249792
0.516258
0.83903
-0.2568
0.580249
0.835207
-0.179337
0.0298435
0.90406
-0.20533
0.20718
0.897053
-0.255961
0.0112781
0.853213
-0.286826
-0.0463086
0.845077
0
0
0
-0.099489
0.0991657
0.55487
-0.026386
-0.008103
0.697462
-0.106388
0.0385166
0.772417
0
0
0
-0.167407
0.0864676
0.510734
-0.510856
0.19749
0.7038
-0.40155
0.168359
0.792224
0
0
0
0
0
0
0
0
0
-0.0248872
0.0132297
0.240024
-0.160005
0.0486036
0.919764
-0.212808
0.290016
0.863582
-0.251196
0.514883
0.829063
-0.26244
0.579212
0.823339
-0.177401
0.030856
0.890129
-0.201011
0.203474
0.879465
-0.240033
0.0088286
0.852999
-0.265253
-0.0515588
0.850844
0
0
0
-0.0966561
0.0997652
0.555864
-0.0231347
-0.00779095
0.69468
-0.108621
0.0379797
0.759907
0
0
0
-0.160705
0.0898884
0.509063
-0.484782
0.201999
0.70006
-0.385362
0.175627
0.794101
0
0
0
0
0
0
0
0
0
-0.0238824
0.0127475
0.240412
0
0
0
-0.0834948
0.0427471
0.300346
-0.132376
0.0899081
0.51203
-0.148484
0.104026
0.586792
0
0
0
-0.0631133
0.0203582
0.314558
-0.131792
0.0349768
0.537047
-0.155674
0.0353284
0.612016
0
0
0
0
0
0
-0.0333574
0.100522
0.385156
-0.0882725
0.0895867
0.451912
0
0
0
0
0
0
-0.10178
0.0755917
0.34388
-0.12252
0.0828888
0.452161
0
0
0
0
0
0
0
0
0
-0.0409578
0.031336
0.275001
0
0
0
0
0
0
-0.0726677
0.0574964
0.286807
-0.0706195
0.0890509
0.372996
0
0
0
-0.0378694
0.00527183
0.242654
-0.100179
0.0388181
0.488539
-0.218019
0.0928777
0.817241
0
0
0
0
0
0
-0.0284732
0.148553
0.306655
-0.0762662
0.122163
0.415063
0
0
0
0
0
0
-0.0548908
0.0801771
0.30149
-0.08191
0.0891358
0.417885
0
0
0
0
0
0
0
0
0
-0.0410373
0.030871
0.274969
0
0
0
0
0
0
-0.0538665
0.0111143
0.226175
-0.00689897
-0.0202996
0.24454
0
0
0
-0.040545
0.00142893
0.241055
-0.100259
0.041934
0.4642
-0.128025
0.108978
0.553837
0
0
0
0
0
0
-0.047334
0.109421
0.259065
-0.0775625
0.092178
0.390705
0
0
0
0
0
0
-0.0446587
0.0587468
0.291107
-0.0728098
0.0692219
0.391685
