Hip Center	Spine	Shoulder Center	Head	Shoulder Left	Elbow Left	Wrist Left	Hand Left	Hip Left	Knee Left	Ankle Right	Foot Left	Hip Right	Knee Right	Ankle Right	Foot Right	
0.382268
0.254294
2.18016
0.40926
0.262749
2.2149
0.364328
0.358352
2.21111
0.268601
0.582553
2.23287
0.24224
0.387455
2.31662
0.471546
0.303405
2.07638
0.438565
0.17328
1.76766
0.427571
0.129905
1.66947
0.482151
0.274378
2.06403
0.316811
0.101529
2.02978
0.343755
0.0833979
1.69355
0.352736
0.0773542
1.58619
0.339734
0.213348
2.19388
0.484539
0.0913656
1.76512
0.133161
0.0730647
1.72394
0.156537
0.0736721
1.6111
0.447694
0.162463
2.10894
0.728705
0.276298
1.9479
0.437872
0.114248
1.57944
0.302763
0.0961318
1.59595


0.385129
0.264149
2.20349
0.414359
0.276721
2.23028
0.367426
0.354393
2.21165
0.272819
0.571126
2.23393
0.256881
0.34044
2.31595
0.485212
0.275521
2.07999
0.427378
0.167037
1.77558
0.408101
0.130876
1.67868
0.485961
0.269136
2.07108
0.323339
0.10243
2.02393
0.444226
0.0985079
1.72871
0.489287
0.097918
1.63663
0.344521
0.210934
2.23665
0.629942
0.186496
1.9705
0.378543
0.124642
1.6494
0.270278
0.0812096
1.6044
0.448753
0.17727
2.13779
0.754917
0.255526
1.93269
0.499448
0.144256
1.56939
0.385292
0.109055
1.56734


0.465897
0.158265
2.11313
0.48175
0.187649
2.16149
0.370666
0.336979
2.21983
0.293971
0.520057
2.24168
0.282834
0.271129
2.32107
0.40024
0.194579
2.11448
0.37492
0.137483
1.82871
0.366481
0.118451
1.73763
0.489581
0.264878
2.07701
0.330467
0.110272
2.02772
0.497343
0.113664
1.78535
0.550112
0.111214
1.70657
0.453246
0.0933058
2.13712
0.707204
0.114982
1.85728
0.38623
0.0941508
1.66516
0.296072
0.0798728
1.61835
0.548981
0.0903749
1.99376
0.68106
0.345713
2.10208
0.392313
0.239557
1.88628
0.317141
0.231593
1.82573


0.395803
0.157605
2.17217
0.429058
0.172086
2.20727
0.373553
0.320792
2.23001
0.308355
0.484897
2.25514
0.296069
0.230881
2.32849
0.342415
0.141221
2.14212
0.346374
0.120827
1.87316
0.344526
0.111596
1.79016
0.498143
0.255235
2.0975
0.344849
0.139773
2.0772
0.427962
0.113511
1.85193
0.434111
0.108267
1.59431
0.344221
0.0857712
2.20766
0.732166
0.115709
1.87844
0.345982
0.0891416
1.72586
0.271675
0.0761716
1.65495
0.439665
0.0916699
2.07502
0.619417
0.406101
2.16156
0.408657
0.239815
1.90748
0.346026
0.240237
1.83438


0.425397
0.198039
2.22718
0.445099
0.220758
2.2588
0.376853
0.307693
2.24008
0.319495
0.456581
2.26671
0.302196
0.213919
2.33015
0.321615
0.120871
2.15644
0.273146
0.107549
1.93068
0.257899
0.103112
1.85151
0.51327
0.250196
2.12991
0.428936
0.188345
1.99098
0.416952
0.127046
1.77345
0.417249
0.11091
1.57236
0.412492
0.130018
2.27215
0.743101
0.0562009
1.94953
0.419781
0.0465203
1.75638
0.326143
0.0271148
1.69889
0.509915
0.148995
2.14675
0.754891
0.221999
1.94998
0.520229
0.132664
1.66318
0.415537
0.13725
1.67496


0.427488
0.21219
2.25518
0.44184
0.234523
2.28513
0.378119
0.298188
2.24995
0.326569
0.438891
2.27753
0.310317
0.193007
2.31996
0.311057
0.106599
2.16074
0.249025
0.0993906
1.9451
0.221485
0.100529
1.87697
0.521684
0.249325
2.15011
0.480131
0.216661
1.94471
0.41173
0.135243
1.74867
0.386036
0.109425
1.54384
0.423129
0.13955
2.29858
0.763101
0.0631542
1.97522
0.43535
0.0620987
1.7963
0.357293
0.0360091
1.73391
0.51811
0.177719
2.18352
0.74259
0.175325
1.95401
0.512652
0.0844777
1.68584
0.41348
0.103673
1.69108


0.428536
0.231776
2.2743
0.438465
0.246381
2.3017
0.379103
0.292831
2.25953
0.330264
0.430648
2.2853
0.314353
0.18266
2.31429
0.310004
0.0984721
2.15852
0.234157
0.0939896
1.95049
0.198165
0.0987021
1.89259
0.561103
0.262701
2.18014
0.515392
0.240936
1.93277
0.420152
0.159388
1.73139
0.36673
0.151307
1.55607
0.42875
0.162593
2.31361
0.761554
0.0650239
1.99392
0.421648
0.0949448
1.83654
0.359565
0.0863536
1.76321
0.530624
0.213196
2.21377
0.86549
0.152524
2.06416
0.616441
0.128821
1.85728
0.554459
0.127598
1.7848


0.470566
0.170624
2.22877
0.470359
0.192579
2.27122
0.380061
0.290902
2.2687
0.331828
0.432364
2.29667
0.30519
0.187669
2.33102
0.312001
0.102917
2.16536
0.224903
0.091765
1.95766
0.183752
0.0988075
1.90663
0.575453
0.245885
2.20702
0.531489
0.248023
1.93075
0.421868
0.16633
1.72583
0.361457
0.184299
1.57272
0.454208
0.106337
2.24347
0.152715
0.160809
1.84646
0.371193
0.0787757
1.79266
0.279133
0.0937839
1.75988
0.574305
0.119847
2.14815
0.819957
0.302204
2.21999
0.547652
0.271413
1.99442
0.497487
0.279922
1.91771


0.516243
0.161179
2.22186
0.511487
0.192338
2.25601
0.381455
0.292818
2.27657
0.335543
0.441789
2.31409
0.299415
0.193047
2.34008
0.319169
0.110244
2.17145
0.221649
0.0909753
1.96273
0.175549
0.103769
1.92522
0.444909
0.209965
2.20498
0.472604
0.230107
1.94252
0.410915
0.167547
1.7183
0.370955
0.203071
1.58784
0.51742
0.116872
2.24187
0.18171
0.164114
1.90109
0.380132
0.00932445
1.937
0.296466
0.0552938
1.89313
0.595343
0.120752
2.15231
0.215258
0.0949439
2.12474
0.260422
0.0880691
1.86829
0.181565
0.134672
1.82817


0.509325
0.164663
2.24102
0.518099
0.197375
2.26096
0.38344
0.299519
2.28493
0.339482
0.450737
2.32469
0.297103
0.215283
2.35673
0.329152
0.107934
2.1716
0.219199
0.0891679
1.9658
0.190593
0.093563
1.92317
0.418934
0.193146
2.21003
0.439419
0.215824
1.95042
0.406293
0.16773
1.71566
0.387285
0.212147
1.59931
0.528345
0.121305
2.27
0.173808
0.171681
1.96045
0.393363
0.0042736
2.01054
0.310127
0.0541496
1.97193
0.555534
0.117536
2.17493
0.121936
0.0823137
2.1633
0.234918
0.0874148
1.8904
0.161494
0.140225
1.85385


0.370885
0.190627
2.27835
0.409646
0.209141
2.29586
0.395419
0.341072
2.29589
0.360885
0.499165
2.33867
0.298234
0.263596
2.37625
0.38275
0.157735
2.17074
0.242011
0.116235
1.96895
0.250517
0.0859626
1.9218
0.399316
0.189787
2.2073
0.461923
0.163261
1.9468
0.403059
0.115517
1.7123
0.376207
0.188566
1.59085
0.315643
0.140493
2.30728
0.0957076
0.143361
1.87704
0.224731
-0.0558755
1.73799
0.146789
0.0134983
1.7279
0.381741
0.138094
2.23714
0.0764255
0.143452
1.87514
0.379558
0.129198
2.00901
0.308817
0.115524
1.93855


0.346711
0.203133
2.29638
0.378754
0.221004
2.31527
0.400995
0.361288
2.30084
0.373298
0.529398
2.34568
0.294881
0.351705
2.39352
0.334876
0.196805
2.30407
0.241957
0.135569
2.07369
0.216566
0.112778
2.05158
0.423465
0.275635
2.25362
0.483081
0.174913
2.0018
0.417138
0.121085
1.76108
0.375982
0.188997
1.5918
0.292247
0.154383
2.33028
0.185889
0.0697469
1.90106
0.0470883
0.0524893
1.70939
-0.0066485
0.0966392
1.72389
0.34596
0.143466
2.25878
0.0627083
0.148164
1.8499
0.379964
0.129412
2.02837
0.308724
0.109071
1.95435


0.316137
0.215061
2.31021
0.350446
0.229853
2.3286
0.403612
0.371046
2.30355
0.378083
0.542368
2.34986
0.294916
0.386771
2.40007
0.305856
0.205958
2.3799
0.236646
0.138046
2.14074
0.187141
0.122536
2.13001
0.42097
0.300012
2.27157
0.499301
0.181513
2.03296
0.427783
0.126532
1.79018
0.376198
0.189386
1.59263
0.239489
0.164953
2.35324
0.184393
0.0581176
1.90103
-0.0104961
0.0649624
1.67779
-0.109567
0.139233
1.67477
0.318355
0.15286
2.27255
0.0577156
0.150234
1.8324
0.385296
0.129885
2.05586
0.313023
0.0979216
1.97613


0.302881
0.219518
2.31678
0.337726
0.233232
2.33491
0.405324
0.376738
2.30571
0.380853
0.550117
2.35298
0.295579
0.394081
2.40155
0.428906
0.24502
2.23959
0.304251
0.15623
2.04153
0.228324
0.148284
2.06666
0.443035
0.330083
2.29269
0.51105
0.19262
2.05312
0.435229
0.132818
1.80754
0.377021
0.189686
1.59368
0.238749
0.165317
2.3584
0.190649
0.0355249
1.90136
-0.0181883
0.0803839
1.67804
-0.136091
0.155408
1.66432
0.321047
0.156849
2.27441
0.0569681
0.150047
1.82166
0.405388
0.133516
2.06487
0.33137
0.0946749
1.98259


0.30566
0.219266
2.32186
0.332071
0.234714
2.33997
0.406852
0.37899
2.30825
0.38116
0.55346
2.35609
0.297922
0.383635
2.40286
0.447545
0.256252
2.24181
0.320292
0.162372
2.04275
0.245639
0.158646
2.04593
0.456122
0.326699
2.29473
0.51725
0.192554
2.06048
0.438571
0.132998
1.81403
0.378192
0.189818
1.59473
0.239318
0.163626
2.3705
0.212973
0.0256632
1.90635
-0.0514898
0.182865
1.7204
0.00632782
0.1131
1.73212
0.325689
0.153961
2.27757
0.058222
0.152685
1.81586
0.454257
0.12648
1.96057
0.363167
0.0914921
1.8801


0.311212
0.215366
2.32913
0.335754
0.231865
2.34526
0.407641
0.373687
2.31514
0.379127
0.55113
2.3592
0.299813
0.373746
2.40488
0.470863
0.263396
2.22457
0.328543
0.167974
2.02773
0.287341
0.138539
1.99145
0.465849
0.32374
2.29796
0.522251
0.190455
2.06179
0.441496
0.131929
1.81411
0.380076
0.189681
1.59619
0.241028
0.161637
2.37874
0.183165
0.0461916
1.88727
-0.0829758
0.274088
1.7353
-0.022121
0.171579
1.73298
0.335043
0.149202
2.28355
0.0692383
0.154804
1.81104
0.484997
0.120674
1.89609
0.382775
0.0869032
1.85218


0.323908
0.208016
2.33488
0.343568
0.227002
2.35008
0.407715
0.366857
2.32179
0.367182
0.541722
2.36473
0.301259
0.35837
2.40617
0.483355
0.262694
2.20845
0.329838
0.173177
2.01274
0.303942
0.120168
1.96094
0.474133
0.313882
2.29774
0.526115
0.187329
2.05964
0.444847
0.123413
1.80967
0.384
0.178448
1.59504
0.253313
0.157758
2.38251
0.200236
0.0371376
1.891
-0.0100744
0.21577
1.72297
0.0283648
0.110235
1.7271
0.354221
0.141709
2.28859
0.0916893
0.155085
1.82852
0.44363
0.129228
2.00752
0.363267
0.100582
1.92869


0.334045
0.202103
2.33964
0.351726
0.222053
2.35419
0.407897
0.358202
2.32905
0.354704
0.531197
2.36945
0.301965
0.348522
2.40761
0.48943
0.259723
2.19794
0.328341
0.176945
2.00126
0.31498
0.111252
1.9436
0.479244
0.304092
2.29625
0.528214
0.183821
2.05296
0.446267
0.11486
1.80129
0.387048
0.168539
1.594
0.265013
0.154319
2.38459
0.207106
0.0365743
1.89154
0.00344006
0.0825246
1.67272
0.00428073
0.0548806
1.63347
0.3656
0.1368
2.2927
0.104812
0.154129
1.83787
0.458949
0.126577
2.00844
0.373443
0.100147
1.9371


0.342182
0.19939
2.34533
0.358444
0.219666
2.35857
0.407654
0.351384
2.33511
0.347078
0.525415
2.37299
0.302262
0.342174
2.40942
0.491754
0.256761
2.1913
0.326942
0.180175
1.99165
0.32563
0.10575
1.93307
0.482717
0.296216
2.2944
0.52629
0.181087
2.04174
0.446147
0.114745
1.78381
0.396403
0.170941
1.60201
0.275155
0.15319
2.39014
0.221518
0.0482824
1.88357
0.0127423
0.0288894
1.65346
-0.0205589
0.00734914
1.5704
0.373227
0.134082
2.29714
0.117873
0.150085
1.84104
0.46097
0.123199
2.03927
0.378728
0.100081
1.95436


0.348096
0.198681
2.34941
0.36335
0.218965
2.36139
0.40745
0.347212
2.33889
0.342338
0.522627
2.37545
0.302489
0.33781
2.41103
0.490066
0.249166
2.18883
0.326751
0.180267
1.98388
0.316622
0.110835
1.91105
0.486573
0.289165
2.29043
0.526449
0.178976
2.03368
0.445362
0.114257
1.76346
0.403293
0.17341
1.60768
0.282282
0.152976
2.39451
0.233675
0.0765188
1.86637
0.0189313
-0.0296255
1.64136
-0.0349418
-0.0190411
1.54692
0.377954
0.132622
2.3001
0.158022
0.134693
1.82152
0.478412
0.116659
2.05158
0.398037
0.0956734
1.96247


0.353982
0.201772
2.35254
0.368307
0.221228
2.36284
0.407402
0.344983
2.3409
0.339135
0.521001
2.37684
0.302667
0.334857
2.4122
0.486141
0.241643
2.18938
0.326015
0.17844
1.97749
0.303605
0.122513
1.89802
0.495934
0.284323
2.27926
0.523859
0.174302
2.02366
0.442574
0.113393
1.74768
0.404525
0.151156
1.6043
0.28759
0.15517
2.39979
0.240081
0.0939391
1.86371
0.0159576
-0.0609276
1.65757
-0.0571858
-0.0387357
1.56371
0.381793
0.13261
2.30217
0.186828
0.111383
1.80905
0.483713
0.121859
2.06528
0.407366
0.0999481
1.97207


0.36042
0.2138
2.35289
0.374496
0.232729
2.36051
0.407143
0.345341
2.34004
0.333875
0.522344
2.37482
0.302802
0.333166
2.41289
0.481677
0.236751
2.19115
0.340846
0.170105
1.96506
0.368631
0.103707
1.91792
0.506496
0.284331
2.26526
0.522217
0.171311
2.01442
0.441133
0.113228
1.73803
0.405025
0.142278
1.60243
0.290768
0.161349
2.40467
0.213593
0.107103
1.87483
0.0190094
-0.124416
1.70104
-0.0618986
-0.105868
1.60899
0.386468
0.136881
2.30273
0.205219
0.0882281
1.80396
0.504664
0.0909789
2.06178
0.5572
0.0773434
2.08051


0.365477
0.230444
2.34461
0.379652
0.249763
2.34886
0.407202
0.353271
2.32744
0.32715
0.532378
2.35593
0.302682
0.334076
2.41273
0.472681
0.256177
2.1846
0.348293
0.172812
1.95478
0.36362
0.122593
1.89375
0.522021
0.291528
2.24028
0.509382
0.170682
2.02052
0.437404
0.113355
1.74564
0.412931
0.0977728
1.65695
0.291221
0.172183
2.40422
0.216605
0.111584
1.87183
0.0655214
-0.068523
1.63608
-0.0118721
-0.0587103
1.55039
0.391943
0.145642
2.29544
0.211803
0.0723095
1.79324
0.51078
0.0872539
2.05311
0.599027
0.0942525
2.10865


0.369356
0.24863
2.32574
0.383125
0.268351
2.32648
0.406216
0.366911
2.29842
0.321243
0.544908
2.33149
0.302304
0.343016
2.406
0.463471
0.281688
2.17121
0.353871
0.177659
1.94264
0.354756
0.13791
1.87111
0.53115
0.299797
2.21644
0.495317
0.146209
2.05085
0.431917
0.0925272
1.7798
0.391922
0.040968
1.58331
0.292124
0.183976
2.39706
0.220581
0.111677
1.86447
0.0893467
-0.0479638
1.59252
0.0162034
-0.0365438
1.50539
0.395946
0.156641
2.2784
0.212699
0.0627449
1.7812
0.513773
0.07266
2.01923
0.610837
0.0819025
2.09026


0.375944
0.267575
2.28096
0.388812
0.28754
2.2813
0.409799
0.388097
2.25753
0.316955
0.563591
2.29371
0.302623
0.366868
2.38135
0.458934
0.305125
2.1524
0.358632
0.184874
1.92575
0.346057
0.149939
1.84871
0.540954
0.313391
2.17792
0.727376
0.20996
2.16895
0.728622
0.0356975
2.08503
0.709104
-0.0304238
2.02788
0.299944
0.206881
2.34774
0.228497
0.104051
1.82412
0.389923
0.162088
2.04876
0.348398
0.100597
2.01881
0.404132
0.170981
2.2332
0.331525
-0.0230552
1.83706
0.737998
0.0603095
2.12857
0.814025
0.0923157
2.19198


0.419675
0.29838
2.23231
0.425028
0.317661
2.2319
0.41143
0.403698
2.21469
0.320497
0.580135
2.24314
0.300807
0.385657
2.35315
0.240855
0.279403
2.37617
0.397293
0.256098
2.21863
0.460492
0.252268
2.14624
0.542152
0.323326
2.148
0.738329
0.224581
2.17339
0.752042
0.0283127
2.13006
0.755306
-0.0601066
2.10515
0.377152
0.225478
2.30083
0.251343
0.0992135
1.79376
0.470702
0.201721
2.10543
0.417783
0.138988
2.07546
0.473579
0.208242
2.18046
0.355793
-0.0725735
1.92049
0.738132
-0.00276969
2.09404
0.847436
0.0100976
2.1447


0.456336
0.303578
2.18886
0.454547
0.325634
2.18882
0.413236
0.415203
2.16874
0.33813
0.597658
2.19298
0.303477
0.394582
2.30263
0.190528
0.341883
2.4379
0.417048
0.333357
2.25654
0.499553
0.346828
2.21557
0.539987
0.332564
2.10601
0.749019
0.239507
2.1585
0.777551
0.0345091
2.13592
0.806585
-0.0496144
2.16259
0.434129
0.226751
2.25115
0.276701
0.0888529
1.75261
0.501063
0.213328
2.13089
0.560177
0.126876
2.08821
0.526453
0.227411
2.14133
0.359115
-0.0927046
1.95951
0.757116
-0.0258765
2.09311
0.858722
-0.0255339
2.11902


0.455443
0.301742
2.13811
0.454066
0.323894
2.13907
0.415538
0.420765
2.13294
0.357397
0.608143
2.14125
0.304907
0.399289
2.26755
0.154048
0.362712
2.47777
0.419055
0.376327
2.27044
0.524265
0.39703
2.26553
0.5371
0.334859
2.07344
0.742273
0.260487
2.11925
0.733013
0.0347876
2.11856
0.754768
-0.0471882
2.15233
0.417965
0.220905
2.1934
0.280133
0.0753675
1.69215
0.4808
0.202718
2.06825
0.551227
0.113375
2.02491
0.51598
0.224625
2.09095
0.34744
-0.120802
1.97644
0.755073
0.0390421
2.11206
0.842592
0.0875262
2.12982


0.446691
0.297952
2.10549
0.447896
0.321337
2.10781
0.422726
0.428192
2.08895
0.367207
0.616003
2.09787
0.308604
0.394467
2.21324
0.29542
0.20479
2.24642
0.309418
0.0908797
2.08334
0.409746
0.125016
2.07053
0.534294
0.336783
2.04809
0.736634
0.266285
2.09667
0.734697
0.0453912
2.11
0.790544
0.0223382
2.10864
0.400972
0.220969
2.15127
0.279194
0.0691572
1.65313
0.479576
0.203449
2.03694
0.581356
0.119502
2.02544
0.500615
0.224941
2.06177
0.337061
-0.134773
1.96753
0.753812
0.0546705
2.10843
0.830867
0.0370846
2.08818


0.437708
0.2979
2.07744
0.439079
0.320736
2.07904
0.423007
0.429938
2.06313
0.370444
0.619046
2.07627
0.301408
0.418802
2.14458
0.254608
0.218278
2.26408
0.311339
0.11914
2.12405
0.413737
0.133134
2.09245
0.529808
0.336949
2.01953
0.753485
0.258492
2.07066
0.773657
0.0377344
2.09578
0.725381
0.018222
2.07292
0.388055
0.22627
2.11673
0.276429
0.0676199
1.62532
0.493235
0.202157
2.00427
0.614533
0.126559
2.01907
0.498106
0.226205
2.03453
0.32264
-0.140484
1.95567
0.743585
0.072184
2.09946
0.820778
0.042647
2.07815


0.418827
0.297199
2.04695
0.422503
0.319482
2.04818
0.420365
0.429598
2.03069
0.366188
0.617721
2.04614
0.295828
0.430642
2.10264
0.270773
0.206722
2.17229
0.277338
0.0394139
2.00812
0.373462
0.0516713
1.97619
0.524913
0.338944
1.99805
0.744125
0.24579
2.04538
0.737136
0.0381103
2.05343
0.688369
0.0297012
2.05411
0.356119
0.234266
2.0811
0.255978
-0.113588
1.97528
0.561576
0.208225
2.01395
0.531645
0.153254
2.0622
0.468944
0.223299
2.00728
0.311855
-0.145689
1.94232
0.721639
0.0834753
2.0728
0.797109
0.0978065
2.04492


0.404988
0.298338
2.02395
0.408869
0.320706
2.02294
0.415852
0.432102
1.9999
0.3726
0.620617
2.00296
0.284781
0.450004
2.05671
0.284358
0.23873
2.11342
0.26674
0.070984
2.00396
0.354253
0.0398885
1.95142
0.5201
0.343062
1.97869
0.738169
0.241092
2.03
0.712865
0.0417754
2.01371
0.642901
0.0372601
2.00694
0.337134
0.240836
2.05819
0.258883
-0.149029
2.01165
0.588214
0.20991
2.00952
0.517362
0.160555
2.04482
0.454622
0.222565
1.99306
0.30745
-0.143321
1.91628
0.705016
0.0877017
2.04336
0.781289
0.131787
2.01137


0.395234
0.298705
2.00462
0.399868
0.321354
2.00274
0.413466
0.434841
1.97824
0.372562
0.620476
1.96647
0.281265
0.456656
2.03634
0.289264
0.248695
2.06575
0.25449
0.057722
1.9879
0.339545
0.0273134
1.93265
0.51551
0.349965
1.9579
0.715084
0.24065
1.99968
0.685608
0.0495834
1.9709
0.612424
0.0431315
1.96741
0.324244
0.245917
2.03509
0.257258
-0.180535
2.07814
0.60124
0.210454
2.00569
0.487622
0.164254
2.03637
0.443577
0.222467
1.98038
0.308007
-0.141019
1.89623
0.686821
0.0840888
2.00798
0.767949
0.145344
1.98512


0.386216
0.301403
1.98027
0.391388
0.322786
1.978
0.410089
0.428539
1.94971
0.37521
0.614006
1.94049
0.279028
0.479586
1.99014
0.291023
0.275472
2.02903
0.239798
0.0632743
1.96577
0.300758
0.0334463
1.92877
0.512335
0.357269
1.93742
0.695531
0.245556
1.97487
0.675057
0.0545647
1.9543
0.704584
0.0464091
1.94257
0.315252
0.251855
2.01236
0.255744
-0.172533
2.09259
0.26726
0.00842067
2.24414
0.238197
0.0191347
2.1556
0.431507
0.223818
1.96339
0.326686
-0.137538
1.86792
0.678729
0.0826277
1.99093
0.759473
0.132303
1.98264


0.379902
0.303109
1.96055
0.385272
0.323347
1.9574
0.407221
0.423315
1.9297
0.375723
0.603515
1.91129
0.277932
0.488875
1.96702
0.2817
0.299479
1.99729
0.240898
0.0939672
1.95733
0.278519
0.0517312
1.92488
0.509602
0.364824
1.91596
0.680622
0.249196
1.95444
0.669072
0.0576342
1.94354
0.717964
0.0468146
1.92153
0.309722
0.255605
1.99329
0.25197
-0.157374
2.09245
0.209422
-0.0289864
2.28324
0.174386
0.000184013
2.17053
0.421201
0.225541
1.94642
0.344059
-0.135513
1.85169
0.688469
0.103383
1.96734
0.758636
0.134081
1.97719


0.376056
0.303671
1.94588
0.38156
0.32326
1.94173
0.405561
0.419396
1.91215
0.374578
0.597367
1.89178
0.278059
0.492678
1.94715
0.277921
0.307528
1.97787
0.237739
0.101233
1.95434
0.250652
0.0366932
1.94848
0.508215
0.373906
1.89829
0.672112
0.252259
1.94126
0.667554
0.0617761
1.93535
0.740524
0.0418396
1.91463
0.30701
0.258028
1.97741
0.262815
-0.137651
2.03334
0.130378
-0.0579406
2.25353
0.155679
0.00383891
2.11408
0.415057
0.226789
1.93549
0.35097
-0.133952
1.84389
0.68159
0.0913718
1.94809
0.754403
0.114557
1.97042


0.371532
0.302626
1.92783
0.377187
0.321964
1.92306
0.402749
0.416885
1.89443
0.372797
0.593997
1.8767
0.279557
0.491688
1.93025
0.268801
0.31347
1.96477
0.235866
0.105918
1.95205
0.237342
0.0292297
1.9617
0.508242
0.378969
1.88233
0.645814
0.251505
1.90659
0.676265
0.0708397
1.9335
0.740901
0.0288404
1.92103
0.304565
0.25865
1.96024
0.264364
-0.120828
2.00538
0.0611772
-0.0951515
2.24194
0.123928
-0.0129261
2.126
0.407639
0.227325
1.91814
0.354493
-0.133213
1.83919
0.680111
0.0860928
1.93895
0.74573
0.110866
1.92402


0.367633
0.302708
1.91096
0.373267
0.321967
1.90531
0.399029
0.416155
1.87496
0.370151
0.59257
1.86295
0.279034
0.491095
1.91583
0.249806
0.319393
1.95275
0.234232
0.108931
1.94999
0.228968
0.02535
1.96835
0.509262
0.383007
1.86949
0.634913
0.252465
1.89297
0.683086
0.0792067
1.93396
0.737203
0.0240725
1.92326
0.301467
0.259606
1.94098
0.264178
-0.107649
1.98644
0.0508476
-0.101183
2.22856
0.118139
-0.0148413
2.12388
0.402948
0.228169
1.90565
0.357461
-0.13226
1.83566
0.679203
0.0809259
1.934
0.642074
0.0657917
1.91507


0.364771
0.302282
1.89646
0.370409
0.321655
1.89043
0.396182
0.416312
1.8599
0.368706
0.59249
1.84937
0.27754
0.489156
1.90517
0.232758
0.320179
1.94112
0.232326
0.111103
1.9468
0.222907
0.0231869
1.97067
0.508973
0.389363
1.85593
0.626584
0.255114
1.8837
0.687232
0.0892
1.93458
0.717548
0.0269042
1.92828
0.299451
0.259229
1.92403
0.261691
-0.0987136
1.97532
0.04026
-0.105784
2.21869
0.10454
-0.0153333
2.12235
0.399646
0.229321
1.89344
0.358012
-0.130343
1.83325
0.678799
0.076702
1.93234
0.597421
0.044445
1.90782


0.361608
0.301023
1.88139
0.36716
0.320839
1.87486
0.392326
0.41794
1.84247
0.366687
0.593553
1.82875
0.274005
0.484684
1.88959
0.218564
0.319417
1.92649
0.22828
0.107899
1.93919
0.218379
0.0211125
1.97133
0.506092
0.396636
1.8429
0.620663
0.257417
1.87736
0.690342
0.0975991
1.93688
0.702059
0.032047
1.93435
0.297566
0.258464
1.90482
0.265083
-0.0911128
1.93439
0.067703
-0.104531
2.164
0.0764879
-0.00176004
2.13241
0.396737
0.230405
1.88182
0.356619
-0.127588
1.83083
0.682242
0.0731242
1.937
0.586702
0.0388682
1.91242


0.359161
0.298746
1.86835
0.364671
0.31927
1.86192
0.389714
0.419347
1.83004
0.36545
0.594384
1.81447
0.268574
0.47694
1.87138
0.205176
0.314432
1.90792
0.224299
0.100226
1.92535
0.215916
0.01823
1.96661
0.503902
0.400662
1.83378
0.616594
0.259319
1.87339
0.690209
0.0962795
1.94236
0.697001
0.027598
1.96349
0.295946
0.255765
1.88794
0.261157
-0.0868913
1.92202
0.0795623
-0.0986605
2.1476
0.07032
0.00807569
2.13634
0.394863
0.230497
1.87122
0.353334
-0.124708
1.82829
0.685115
0.0718766
1.957
0.600017
0.00438024
1.94728


0.356145
0.294553
1.85395
0.3615
0.316186
1.84755
0.386307
0.421275
1.81563
0.363641
0.595743
1.80133
0.268572
0.465677
1.8307
0.188723
0.303056
1.89935
0.221101
0.0977226
1.91384
0.21237
0.0219841
1.94774
0.500718
0.404861
1.82521
0.612868
0.26179
1.87102
0.667571
0.122588
1.98187
0.683406
0.0521712
1.98288
0.294699
0.252053
1.8708
0.257081
-0.0839364
1.91405
0.08414
-0.0975703
2.1381
0.0950283
0.0103893
2.11653
0.392633
0.229897
1.85938
0.348771
-0.121825
1.82484
0.66493
-0.00640071
1.98037
0.652628
0.025785
1.99571


0.353515
0.290821
1.84167
0.35877
0.31332
1.83527
0.383647
0.422544
1.80435
0.361517
0.596404
1.78942
0.267157
0.461069
1.8158
0.173136
0.289061
1.89194
0.215458
0.0937948
1.88825
0.210836
0.0266735
1.93317
0.497255
0.408139
1.81822
0.609764
0.264092
1.87006
0.647383
0.145217
2.01128
0.674928
0.06507
1.99469
0.293408
0.248235
1.85538
0.252054
-0.0817056
1.90935
0.0854869
-0.0970842
2.13134
0.0942412
0.0135161
2.11331
0.390433
0.228977
1.84863
0.344099
-0.119263
1.82153
0.64932
-0.0418742
1.99583
0.669918
0.0333436
2.02719


0.350966
0.287906
1.83249
0.355961
0.31102
1.82574
0.379445
0.424047
1.7935
0.356395
0.596821
1.77547
0.265555
0.457946
1.80707
0.158272
0.27344
1.88552
0.21209
0.0894894
1.86994
0.210177
0.0292093
1.91845
0.494473
0.410117
1.81311
0.584125
0.260488
1.84773
0.640223
0.154137
2.02222
0.669974
0.0733103
2.00186
0.291792
0.245296
1.84488
0.246707
-0.0803837
1.90609
0.0863202
-0.0969916
2.12635
0.0915775
0.0136587
2.10673
0.388712
0.228003
1.84085
0.33906
-0.116759
1.81735
0.636911
-0.0573372
2.00585
0.678567
0.0425762
2.04759


0.347218
0.285348
1.8242
0.351488
0.308822
1.81664
0.370834
0.42464
1.78104
0.352017
0.596841
1.7642
0.263136
0.455523
1.80064
0.148569
0.262848
1.88196
0.209751
0.0847367
1.85666
0.209785
0.0294686
1.90534
0.492309
0.411141
1.80934
0.57437
0.259511
1.8395
0.637726
0.159223
2.03068
0.668389
0.0788927
2.00842
0.289311
0.242878
1.83669
0.242218
-0.0796162
1.90376
0.0864639
-0.0962783
2.12255
0.0867708
0.0114961
2.09252
0.386494
0.226654
1.8342
0.332126
-0.114383
1.81336
0.624048
-0.0645485
2.01304
0.679918
0.0475973
2.05882


0.34432
0.283822
1.81818
0.348162
0.307594
1.81013
0.365701
0.42534
1.77315
0.348849
0.596738
1.75507
0.260666
0.454195
1.79609
0.143669
0.258394
1.87935
0.208341
0.0828434
1.84991
0.207631
0.029435
1.89437
0.490659
0.411708
1.80667
0.568327
0.258977
1.83504
0.642531
0.195551
2.03152
0.670906
0.109238
2.01224
0.286931
0.24136
1.83032
0.239386
-0.0790712
1.9013
0.0859667
-0.0949408
2.11854
0.0825293
0.0103245
2.07784
0.384713
0.225688
1.82938
0.352433
-0.112059
1.79251
0.623366
-0.0669933
2.01682
0.682263
0.0534118
2.06551


0.342208
0.282867
1.81382
0.34583
0.306832
1.80551
0.362667
0.425731
1.76813
0.346974
0.596427
1.74879
0.258178
0.453196
1.79296
0.143497
0.256005
1.8641
0.207157
0.0818177
1.84421
0.205203
0.0299436
1.88505
0.489454
0.411995
1.80481
0.586063
0.27472
1.87651
0.646646
0.176088
2.03621
0.671721
0.110508
2.01655
0.284823
0.240307
1.8253
0.236569
-0.0785141
1.89952
0.0835214
-0.0928865
2.11465
0.0773366
0.00429008
2.05532
0.383376
0.224972
1.82596
0.364857
-0.11041
1.78065
0.625494
-0.0641028
2.01871
0.653635
0.067337
2.01397


0.340723
0.282446
1.81052
0.344169
0.306766
1.80181
0.360578
0.431439
1.76091
0.345607
0.600928
1.74
0.256333
0.452766
1.79068
0.162575
0.278928
1.82664
0.213099
0.0868512
1.82339
0.205436
0.0336296
1.86555
0.488764
0.412065
1.80353
0.599219
0.289464
1.89956
0.636722
0.158383
2.02657
0.667722
0.106967
2.01519
0.2832
0.239818
1.82142
0.23475
-0.0783158
1.89627
0.0754753
-0.0870289
2.10112
0.0731772
0.00489892
2.03989
0.382496
0.224513
1.82355
0.372401
-0.109085
1.77366
0.629152
-0.0566726
2.0186
0.631543
0.0675697
1.97061


0.339863
0.28272
1.80752
0.343339
0.307759
1.79814
0.361097
0.439069
1.75369
0.345703
0.606725
1.73171
0.25512
0.452561
1.78903
0.168881
0.287086
1.81454
0.213644
0.0875958
1.81825
0.205891
0.0345964
1.85405
0.489238
0.411961
1.80278
0.61081
0.29136
1.91661
0.635197
0.152507
2.02406
0.660177
0.106932
2.02729
0.282107
0.239819
1.81829
0.251366
-0.0819663
1.86692
0.0822419
-0.0824531
2.05847
0.0728505
0.00783574
2.01959
0.382004
0.224282
1.82165
0.363808
-0.105764
1.76761
0.621335
-0.0481631
2.01255
0.632143
0.0679991
1.98319


0.340002
0.283988
1.80423
0.343828
0.310098
1.794
0.364109
0.447919
1.74647
0.347621
0.61342
1.72344
0.25601
0.453362
1.78566
0.177939
0.294493
1.80268
0.214144
0.0882943
1.81466
0.205441
0.0353975
1.84768
0.49206
0.41178
1.80257
0.61814
0.291868
1.92526
0.625364
0.127293
1.99174
0.652831
0.0880804
1.99551
0.281736
0.240707
1.81496
0.260694
-0.0826333
1.85005
0.0826154
-0.0764806
2.03081
0.0733789
0.0194919
1.98775
0.382231
0.224488
1.81966
0.363935
-0.104401
1.76415
0.621634
-0.04086
2.00774
0.627972
0.0703521
1.97273


0.343409
0.288047
1.79958
0.347571
0.315362
1.78869
0.368603
0.457065
1.74026
0.3537
0.621288
1.71435
0.257262
0.454571
1.78296
0.187867
0.301893
1.79294
0.214946
0.0896707
1.81237
0.204879
0.0363421
1.84326
0.497571
0.412882
1.80254
0.623468
0.291848
1.92965
0.643978
0.122921
1.98273
0.661325
0.0928784
1.97594
0.283339
0.243258
1.81106
0.266946
-0.0817228
1.83613
0.0819312
-0.0719685
2.01066
0.0734932
0.023004
1.97565
0.387815
0.227538
1.81579
0.363517
-0.102129
1.76154
0.622056
-0.0365244
2.00459
0.680794
0.0107746
1.97791


0.350027
0.295301
1.79308
0.353694
0.323269
1.78204
0.37238
0.465875
1.7344
0.368834
0.631307
1.70374
0.25947
0.456213
1.7804
0.193697
0.306363
1.78638
0.217805
0.0914785
1.80881
0.204504
0.0380044
1.83943
0.508703
0.418382
1.80278
0.627903
0.290382
1.93068
0.623177
0.106596
1.93272
0.65017
0.0894488
1.92689
0.288703
0.249084
1.80457
0.269525
-0.0791676
1.82547
0.0781017
-0.0647774
1.99412
0.0737271
0.0250306
1.96513
0.398515
0.234179
1.8102
0.362149
-0.0972421
1.75794
0.627234
-0.0177748
1.98813
0.707514
-0.00309901
1.96522


0.363079
0.314054
1.78203
0.364466
0.3406
1.77206
0.375686
0.476076
1.72914
0.383058
0.640937
1.69453
0.261334
0.457966
1.77793
0.19804
0.309119
1.78068
0.221305
0.0946377
1.80257
0.203868
0.0410168
1.83451
0.525774
0.425477
1.80366
0.632309
0.287186
1.92929
0.622141
0.101347
1.92244
0.643742
0.0772983
1.92186
0.297799
0.260359
1.79515
0.275016
-0.0695729
1.79755
0.0798494
-0.0581714
1.96914
0.0746256
0.0257124
1.9558
0.415935
0.246845
1.80257
0.35987
-0.0850447
1.74906
0.622404
-0.0154734
1.85687
0.69823
-0.0385737
1.79699


0.372572
0.323653
1.77585
0.373992
0.351006
1.766
0.387688
0.493579
1.72492
0.408213
0.654145
1.68287
0.270746
0.46262
1.7729
0.183088
0.292256
1.78567
0.235753
0.0979742
1.77352
0.206875
0.0455858
1.81947
0.535642
0.433205
1.80269
0.636601
0.284697
1.92705
0.644483
0.107732
1.94026
0.652104
0.0702842
1.94358
0.311707
0.27073
1.78432
0.279128
-0.0585398
1.76877
0.0820858
-0.0523568
1.94171
0.0884358
0.0253896
1.93291
0.427858
0.255781
1.79743
0.357494
-0.0682413
1.73392
0.616698
-0.0197138
1.76768
0.690228
-0.0600631
1.70187


0.393039
0.342644
1.76862
0.394711
0.371181
1.76007
0.404265
0.513761
1.72611
0.426904
0.664148
1.67465
0.275532
0.464246
1.76941
0.173008
0.281942
1.78901
0.2505
0.121477
1.74519
0.214703
0.0651792
1.79572
0.562821
0.450497
1.80699
0.642431
0.284223
1.92451
0.65583
0.115823
1.95311
0.655462
0.0684472
1.9589
0.323278
0.27888
1.77567
0.280392
-0.0425119
1.72838
0.0886655
-0.0417261
1.90904
0.0950087
0.0276491
1.92324
0.454361
0.275776
1.78984
0.367167
-0.0379707
1.70699
0.621167
-0.0148237
1.72657
0.581932
0.0384288
1.72673


0.402505
0.351253
1.76513
0.403994
0.379828
1.75738
0.413752
0.522018
1.72816
0.439953
0.668346
1.67285
0.281039
0.467991
1.7646
0.166213
0.293823
1.78049
0.154022
0.144674
1.79897
0.142819
0.0940392
1.82249
0.572343
0.455103
1.80876
0.651946
0.288437
1.92115
0.668022
0.129486
1.96491
0.70128
0.116287
1.9895
0.332047
0.28565
1.76809
0.278622
-0.0280458
1.69781
0.100055
-0.0168211
1.87243
0.0646041
0.00491156
1.92385
0.464616
0.28325
1.7865
0.373525
-0.00748326
1.67639
0.62507
-0.00415574
1.69269
0.543996
0.0367925
1.67392


0.415042
0.36513
1.7613
0.41528
0.390377
1.75527
0.427012
0.525602
1.73321
0.4575
0.668918
1.67772
0.296919
0.489198
1.75101
0.162713
0.304746
1.77399
0.126413
0.155388
1.80855
0.105085
0.107307
1.83791
0.612333
0.469319
1.8239
0.671035
0.318062
1.90764
0.695985
0.170807
1.97487
0.748055
0.175055
2.00564
0.340967
0.295693
1.7584
0.301739
-0.0007038
1.64072
0.114779
0.0464604
1.85689
0.0706271
0.00113922
1.91618
0.47252
0.290278
1.78358
0.401494
0.0139975
1.6491
0.634314
0.0117469
1.6908
0.542792
0.062749
1.71212


0.420259
0.370942
1.75902
0.420222
0.395188
1.75379
0.432163
0.524912
1.7372
0.470815
0.663821
1.68632
0.311598
0.5094
1.7389
0.166192
0.324796
1.76535
0.103146
0.159971
1.81811
0.0868993
0.113815
1.84313
0.621497
0.472952
1.82747
0.67818
0.327228
1.90461
0.70849
0.186777
1.98067
0.76636
0.196318
2.01301
0.347672
0.303319
1.74784
0.290513
0.0252123
1.59426
0.116986
0.0800773
1.83884
0.0668781
0.000610561
1.87349
0.476873
0.293989
1.78165
0.415324
0.0234689
1.63208
0.641828
0.0208328
1.68619
0.520689
0.0793135
1.69391


0.424742
0.376011
1.75638
0.424802
0.399012
1.75217
0.453293
0.50954
1.74451
0.508467
0.647606
1.7062
0.335183
0.537617
1.72647
0.181669
0.359042
1.75183
0.0896657
0.165532
1.81328
0.0745455
0.119734
1.84151
0.632234
0.472215
1.83094
0.682629
0.331679
1.90374
0.707376
0.192237
1.98368
0.773086
0.206981
2.01707
0.353057
0.315302
1.73265
0.285912
0.0357143
1.57454
0.104462
0.0975862
1.80481
0.0646487
0.0011348
1.83272
0.478841
0.296761
1.77884
0.417814
0.0325566
1.61328
0.644219
0.0274788
1.67901
0.515357
0.0885433
1.69441


0.428786
0.381439
1.75258
0.429107
0.402441
1.75019
0.464617
0.501494
1.74792
0.533007
0.63715
1.71889
0.346445
0.553772
1.72013
0.191583
0.384559
1.73606
0.0837063
0.176608
1.76964
0.0643698
0.130188
1.81057
0.640345
0.470326
1.8333
0.688331
0.335057
1.9072
0.657599
0.196581
1.97657
0.665393
0.173435
1.99922
0.354558
0.329195
1.71629
0.263347
0.0472866
1.55516
0.0809991
0.0590399
1.76959
0.05367
-0.0232082
1.79348
0.475879
0.299957
1.77075
0.427352
0.0408603
1.58806
0.492108
0.17795
1.71539
0.497109
0.133942
1.70639


0.431232
0.38751
1.74641
0.432337
0.405878
1.74718
0.470855
0.49756
1.74923
0.553627
0.63214
1.72601
0.354875
0.565066
1.7151
0.197594
0.406664
1.71353
0.0868608
0.192091
1.71407
0.0626823
0.146393
1.75638
0.645924
0.468535
1.83446
0.691725
0.334439
1.9137
0.638537
0.196581
1.97511
0.605096
0.149853
1.99188
0.352642
0.342821
1.69899
0.256134
0.0505517
1.54467
0.0261124
0.0741678
1.57727
0.0782861
0.00960375
1.5508
0.467298
0.304472
1.7579
0.428761
0.0440938
1.56808
0.255385
0.187864
1.56144
0.343249
0.150173
1.60002


0.435155
0.400999
1.73456
0.438147
0.416574
1.73897
0.478972
0.498865
1.74705
0.596221
0.638297
1.73309
0.347188
0.581338
1.70288
0.193787
0.419486
1.68779
0.0892939
0.202956
1.65063
0.0503504
0.166052
1.68146
0.651453
0.468702
1.83392
0.650271
0.301402
1.9161
0.624146
0.178815
1.98516
0.608144
0.14428
2.00224
0.349724
0.353108
1.68685
0.250906
0.0525486
1.53752
-0.00712921
0.0710997
1.45086
0.0820508
0.0145039
1.47443
0.462564
0.310846
1.74523
0.431451
0.0492285
1.55744
0.158273
0.0822548
1.4667
0.190494
0.0357018
1.39649


0.435749
0.433972
1.71264
0.441163
0.449324
1.71898
0.483883
0.529765
1.72598
0.614506
0.644978
1.73437
0.321543
0.598222
1.68788
0.182795
0.425331
1.65515
0.0894629
0.210116
1.59323
0.0369696
0.187001
1.6146
0.655901
0.482262
1.82216
0.618907
0.302439
1.89897
0.614662
0.17688
1.98411
0.603605
0.127694
1.98858
0.341161
0.367946
1.67047
0.246643
0.0531501
1.53207
-0.0192874
0.0682288
1.38964
0.0858948
0.0217681
1.42714
0.461125
0.343323
1.72494
0.432474
0.0580494
1.54889
0.11462
0.0574349
1.43413
0.139287
0.0356418
1.35755


0.435315
0.447267
1.70172
0.441768
0.462346
1.70968
0.48579
0.543968
1.71546
0.624745
0.649218
1.73429
0.297133
0.61498
1.67382
0.173765
0.431949
1.62561
0.0878778
0.216846
1.56681
0.0313746
0.196723
1.58873
0.658448
0.491281
1.81356
0.671102
0.37842
1.89871
0.618717
0.208265
1.95641
0.595397
0.155702
1.97113
0.32989
0.380474
1.65387
0.243395
0.052789
1.52786
-0.0213554
0.0561905
1.40641
0.069455
0.0240299
1.4425
0.457325
0.353865
1.70874
0.431919
0.0637341
1.54129
0.100543
0.0412804
1.41413
0.128689
0.0301129
1.33877


0.430174
0.454601
1.688
0.437894
0.469247
1.69867
0.485231
0.549832
1.707
0.629727
0.653247
1.73187
0.28336
0.622862
1.66465
0.163412
0.437599
1.59763
0.0784274
0.227551
1.53859
0.018816
0.207956
1.53161
0.658803
0.496506
1.80482
0.72559
0.607947
1.78579
0.667207
0.405064
1.84947
0.622438
0.326721
1.88557
0.311853
0.390032
1.63174
0.240259
0.0519606
1.52393
-0.0272815
0.060573
1.41258
0.0604738
0.0327017
1.43927
0.44734
0.356922
1.68869
0.418601
0.0673619
1.52426
0.0899343
0.0403398
1.40039
0.115711
0.0469023
1.32762


0.41138
0.452657
1.66252
0.418748
0.467372
1.67558
0.47027
0.54897
1.68616
0.630122
0.655752
1.72638
0.269545
0.623742
1.65198
0.152361
0.437595
1.57631
0.0756814
0.229774
1.5158
0.0370446
0.177075
1.48999
0.650982
0.499192
1.78772
0.737206
0.663763
1.75843
0.670771
0.447724
1.82232
0.630425
0.40078
1.84662
0.293481
0.390454
1.60925
0.240126
0.0491093
1.5214
-0.0233112
0.058898
1.4105
0.0562354
0.0343607
1.44517
0.434175
0.355369
1.66843
0.411049
0.0684616
1.51411
0.0934613
0.0364964
1.39322
0.116215
0.0522561
1.3226


0.399912
0.449765
1.64765
0.406495
0.464396
1.66232
0.459539
0.546413
1.67273
0.628724
0.655132
1.71882
0.259848
0.622809
1.63995
0.14115
0.439127
1.55364
0.0600072
0.239037
1.47735
0.0122464
0.216628
1.445
0.64299
0.499793
1.77332
0.735159
0.663262
1.7511
0.673923
0.460877
1.81282
0.633722
0.432235
1.82945
0.281415
0.388697
1.59324
0.241043
0.0451557
1.52012
-0.0116673
0.0695324
1.43889
0.056078
0.0388081
1.45449
0.423264
0.352126
1.65324
0.402565
0.0683398
1.50462
0.107586
0.0257248
1.3915
0.0922153
0.0363146
1.29162


0.366125
0.405813
1.61367
0.380851
0.418609
1.63419
0.465528
0.51504
1.66442
0.633242
0.638971
1.70744
0.256118
0.614593
1.619
0.13347
0.4381
1.53101
0.0653677
0.235033
1.46489
0.0530793
0.167766
1.45461
0.439843
0.607678
1.64868
0.635858
0.657402
1.69875
0.658752
0.472444
1.79334
0.631941
0.452611
1.8152
0.277672
0.3722
1.56827
0.243229
0.0408226
1.5201
0.00314792
0.0795429
1.47026
0.0656675
0.0424187
1.44316
0.377467
0.347302
1.6223
0.394951
0.0670609
1.49649
0.119808
0.0199113
1.39461
0.0961628
0.0413336
1.30185


0.341868
0.376785
1.59058
0.359904
0.394299
1.61554
0.450643
0.51333
1.64648
0.629797
0.630534
1.69472
0.252671
0.610449
1.60539
0.123432
0.443358
1.50453
0.0542186
0.264057
1.41363
0.0425578
0.202386
1.39741
0.39622
0.6297
1.61418
0.61731
0.661161
1.67747
0.651801
0.473917
1.78312
0.627358
0.460241
1.80498
0.275428
0.363016
1.55565
0.247136
0.0372903
1.51972
0.0108712
0.0816694
1.4803
0.0844514
0.0564004
1.42962
0.35406
0.343922
1.60525
0.388688
0.0654591
1.48975
0.127589
0.0165744
1.39739
0.0745494
0.0546879
1.43139


0.332862
0.367705
1.5811
0.351459
0.385825
1.6075
0.442538
0.513058
1.63716
0.622826
0.625034
1.68153
0.251013
0.607401
1.59533
0.117617
0.447831
1.48772
0.0491301
0.284447
1.37957
0.0456928
0.224917
1.35749
0.374849
0.637316
1.60008
0.59625
0.654246
1.65632
0.603526
0.45573
1.74661
0.57866
0.43053
1.77263
0.2742
0.357209
1.54705
0.250464
0.0350437
1.51892
0.0146485
0.0828627
1.48524
0.0902307
0.0612345
1.42488
0.343749
0.342735
1.59714
0.383569
0.0640049
1.48442
0.132566
0.0138681
1.3989
0.0670697
0.0575193
1.46991


0.305685
0.384079
1.56098
0.310287
0.406637
1.58327
0.333376
0.550773
1.58449
0.548752
0.624222
1.64037
0.203425
0.576043
1.5558
0.0770375
0.417965
1.44426
0.043023
0.279005
1.33592
0.043099
0.22092
1.31717
0.371056
0.634871
1.59328
0.582588
0.643507
1.64644
0.586421
0.450298
1.73247
0.554874
0.414442
1.75719
0.270561
0.351299
1.53644
0.252915
0.0332958
1.51814
0.0251829
0.0754514
1.46325
0.0966966
0.0655516
1.41667
0.337062
0.342138
1.59148
0.379596
0.0627783
1.48025
0.139849
0.00843257
1.39463
0.115177
0.0175531
1.36981


0.293844
0.3923
1.55183
0.289514
0.420061
1.57073
0.287208
0.564216
1.55918
0.503633
0.627838
1.61396
0.173724
0.556138
1.53253
0.053551
0.402966
1.41417
0.038796
0.278786
1.31683
0.0394364
0.221687
1.29583
0.369365
0.631876
1.58741
0.576734
0.635527
1.64084
0.574261
0.443372
1.72425
0.542127
0.406264
1.7479
0.265361
0.346919
1.52589
0.25399
0.0320319
1.51774
0.0286112
0.0714024
1.45049
0.100871
0.0681927
1.41095
0.332861
0.341882
1.58696
0.376072
0.0614397
1.47642
0.145251
0.00346287
1.38974
0.133669
-0.00179581
1.32969


0.287727
0.396296
1.54637
0.280695
0.423153
1.56403
0.287053
0.521361
1.54626
0.484233
0.622853
1.6003
0.163348
0.549232
1.52321
0.044638
0.398001
1.40225
0.0335184
0.279669
1.30419
0.0314203
0.224378
1.28116
0.375591
0.591252
1.57219
0.585287
0.618298
1.64143
0.566112
0.434688
1.71926
0.533825
0.396544
1.74218
0.257169
0.343064
1.51479
0.254584
0.0310673
1.5175
0.029806
0.0690858
1.44254
0.10361
0.069942
1.40687
0.330863
0.340709
1.58256
0.372958
0.0597256
1.4726
0.148779
-0.000822323
1.38548
0.143853
-0.0153039
1.30032


0.286384
0.405574
1.54358
0.275879
0.426579
1.55949
0.283334
0.507801
1.53976
0.473607
0.621054
1.59251
0.123386
0.538639
1.50593
0.0333521
0.390301
1.39134
0.0215632
0.271481
1.29113
0.0244794
0.22213
1.26952
0.491308
0.485694
1.63507
0.627591
0.619079
1.65804
0.56455
0.431596
1.71683
0.532238
0.392989
1.73927
0.240225
0.341343
1.50499
0.254761
0.030248
1.51737
0.0297989
0.0681531
1.43737
0.105395
0.0712906
1.40395
0.335416
0.33728
1.57517
0.370078
0.0562103
1.46814
0.150915
-0.00579075
1.38079
0.14943
-0.0238679
1.28377


0.285347
0.411658
1.54124
0.273953
0.429306
1.55625
0.27957
0.498679
1.53425
0.466615
0.62011
1.58697
0.0996616
0.534514
1.49865
0.0238436
0.387278
1.38518
0.00977454
0.26786
1.28453
0.0142859
0.221054
1.26138
0.489933
0.451213
1.61579
0.632376
0.615591
1.65751
0.561513
0.427852
1.71408
0.529193
0.388777
1.73623
0.224911
0.340486
1.49692
0.254696
0.0296575
1.5173
0.0278205
0.0696838
1.43707
0.105678
0.073044
1.40255
0.339073
0.332667
1.56655
0.368207
0.0501336
1.46313
0.152555
-0.0125836
1.37433
0.152496
-0.0299117
1.2723


0.283603
0.415308
1.53876
0.271997
0.43099
1.55326
0.278833
0.493165
1.53187
0.461185
0.61956
1.58286
0.0874205
0.532885
1.49547
0.0135508
0.38794
1.38371
-0.00673713
0.26796
1.28322
-0.0171065
0.224196
1.25791
0.499884
0.43263
1.61659
0.577817
0.40146
1.73086
0.605664
0.271585
1.79967
0.561463
0.263915
1.80098
0.214409
0.340316
1.49102
0.254463
0.0293249
1.51709
0.0294204
0.0499413
1.40782
0.111006
0.0653844
1.3904
0.340857
0.328938
1.55959
0.367311
0.0450157
1.4595
0.153825
-0.0182124
1.36906
0.154632
-0.0339728
1.26481


0.281925
0.416884
1.53617
0.270804
0.431235
1.55032
0.279735
0.490489
1.53107
0.457972
0.619348
1.58028
0.0791274
0.53128
1.49338
0.000185284
0.399838
1.39172
-0.029489
0.278332
1.2913
-0.0468325
0.237011
1.26314
0.500832
0.424122
1.6138
0.57108
0.353325
1.74448
0.628326
0.206455
1.81331
0.596362
0.166681
1.83534
0.206669
0.339004
1.48721
0.253865
0.0293438
1.51664
0.0291286
0.0426633
1.39659
0.114377
0.0602826
1.38257
0.341834
0.321379
1.54516
0.370412
0.0351654
1.45473
0.519785
0.0354607
1.68851
0.600139
0.0537244
1.71136


0.28035
0.417801
1.5336
0.270158
0.431323
1.5477
0.28047
0.491755
1.53011
0.456194
0.620199
1.57851
0.0702674
0.531642
1.49324
-0.0121822
0.412884
1.40112
-0.0628907
0.296826
1.30175
-0.0897634
0.26015
1.2698
0.456406
0.454076
1.57545
0.545132
0.345196
1.71981
0.646061
0.174041
1.80787
0.609815
0.130626
1.84212
0.201436
0.338178
1.48479
0.253005
0.0296111
1.51611
0.0237196
0.0410322
1.40073
0.114684
0.0583907
1.38051
0.341836
0.317761
1.53707
0.373931
0.0292802
1.45195
0.569973
0.0394659
1.71979
0.650705
0.056559
1.74785


0.273925
0.401792
1.52256
0.270447
0.423547
1.5419
0.282676
0.49653
1.52989
0.45649
0.622325
1.57775
0.0942232
0.559287
1.52184
-0.0226386
0.433394
1.41412
-0.08494
0.319172
1.31291
-0.113689
0.283845
1.27813
0.411754
0.456851
1.54202
0.519493
0.353943
1.68013
0.642792
0.186986
1.75566
0.615737
0.121884
1.80932
0.197882
0.33727
1.48315
0.220223
0.0305403
1.49703
-0.00294415
0.0403078
1.40748
0.0933041
0.0541761
1.38723
0.336823
0.311959
1.52693
0.377592
0.0231787
1.45035
0.61694
0.0342053
1.72164
0.691866
0.0519674
1.75426


0.270825
0.393687
1.51735
0.270952
0.418181
1.53862
0.285065
0.502628
1.53023
0.45809
0.62534
1.57783
0.106764
0.577387
1.54259
-0.0296211
0.451719
1.42691
-0.105543
0.343416
1.32043
-0.138862
0.322917
1.28919
0.377951
0.467827
1.51916
0.515867
0.353467
1.66125
0.65149
0.179659
1.72972
0.637086
0.114734
1.73771
0.195336
0.336369
1.48234
0.215049
0.0307361
1.49419
-0.010326
0.0412087
1.41175
0.088011
0.0526955
1.39005
0.333908
0.308767
1.52144
0.381167
0.019294
1.44986
0.632681
0.0345406
1.71334
0.708359
0.0526967
1.7423


0.269307
0.390929
1.51516
0.271178
0.415567
1.53704
0.286669
0.507744
1.53072
0.459959
0.62834
1.57835
0.109217
0.590228
1.55539
-0.0331755
0.469314
1.43703
-0.123571
0.380675
1.32802
-0.153343
0.342979
1.28949
0.384036
0.472978
1.51677
0.528385
0.345368
1.6431
0.641755
0.147918
1.67235
0.63766
0.072939
1.66439
0.193299
0.335529
1.48341
0.233744
0.0352417
1.50812
0.00152022
0.0435044
1.4255
0.0867736
0.0516727
1.39141
0.332273
0.306882
1.5182
0.383223
0.0167625
1.45028
0.645508
0.0606706
1.69025
0.64791
-0.000782447
1.67741


0.268462
0.389288
1.51416
0.271401
0.414097
1.53631
0.288346
0.513235
1.53176
0.4625
0.631992
1.57956
0.112695
0.598063
1.56475
-0.0357188
0.479669
1.44281
-0.130605
0.395673
1.33082
-0.163573
0.362967
1.28182
0.422025
0.445672
1.5401
0.562804
0.321015
1.63075
0.625113
0.107828
1.59818
0.629209
0.0389174
1.57528
0.1921
0.335034
1.48594
0.235608
0.0353884
1.51043
0.00504046
0.0451709
1.42406
0.0889709
0.0504776
1.39303
0.331298
0.30549
1.51627
0.385311
0.0147789
1.45124
0.648267
0.0461795
1.61462
0.593299
0.0171901
1.63988


0.295238
0.404392
1.5317
0.301024
0.424485
1.55295
0.337266
0.525885
1.54878
0.51518
0.64463
1.59848
0.114963
0.602887
1.57044
-0.0379312
0.49473
1.45964
-0.129231
0.419744
1.33689
-0.171451
0.387716
1.2726
0.47891
0.441436
1.58613
0.584413
0.30234
1.61351
0.606062
0.0895419
1.51761
0.612341
0.0245939
1.48559
0.192155
0.336782
1.49394
0.237346
0.0354225
1.51277
0.00864021
0.0464956
1.42201
0.0922552
0.0495905
1.39473
0.33255
0.305655
1.51719
0.386926
0.014225
1.45305
0.644529
0.0503048
1.55892
0.609141
0.0280684
1.50631


0.308187
0.41198
1.54048
0.314685
0.429456
1.56096
0.364513
0.532418
1.55844
0.537359
0.650002
1.60653
0.116595
0.606287
1.57512
-0.0393642
0.502263
1.46789
-0.128737
0.434649
1.33942
-0.174926
0.410835
1.26191
0.503052
0.43773
1.60496
0.596728
0.292572
1.57291
0.589817
0.0987812
1.4396
0.593471
0.0347028
1.40058
0.192977
0.339219
1.50322
0.238994
0.0353942
1.51541
0.0103182
0.0483015
1.42362
0.0951505
0.049767
1.39856
0.336193
0.30756
1.52081
0.390061
0.0155772
1.45812
0.641586
0.0515078
1.52801
0.591891
0.0357829
1.42783


0.31673
0.41986
1.54791
0.324313
0.435923
1.56817
0.377269
0.540953
1.56495
0.550992
0.65721
1.61292
0.11623
0.61003
1.58187
-0.0411446
0.508631
1.47625
-0.130645
0.491812
1.3389
-0.177095
0.431523
1.25169
0.543552
0.475348
1.61156
0.593447
0.293554
1.52606
0.579301
0.121585
1.36682
0.57635
0.0596972
1.32538
0.194711
0.343916
1.51643
0.239294
0.0342761
1.51905
0.0110829
0.0505463
1.42498
0.0978685
0.0502233
1.40453
0.346696
0.315953
1.53002
0.393514
0.0218172
1.46707
0.63572
0.0531445
1.51042
0.592403
0.0539892
1.4159


0.361031
0.413517
1.56369
0.374454
0.421899
1.5828
0.448879
0.497915
1.57468
0.628868
0.616996
1.62544
0.116066
0.612247
1.58725
-0.0416013
0.516072
1.4819
-0.130215
0.507185
1.33935
-0.16786
0.467699
1.25917
0.577896
0.428844
1.57544
0.589559
0.26882
1.45341
0.568687
0.141631
1.2887
0.564637
0.0783146
1.24023
0.196447
0.34847
1.52644
0.236834
0.0342091
1.52334
0.010881
0.0516739
1.42566
0.094261
0.0504036
1.44411
0.354373
0.320815
1.53797
0.397409
0.0266832
1.4769
0.631392
0.0553185
1.50191
0.538764
0.0532618
1.44338


0.379927
0.410183
1.57023
0.398595
0.413921
1.58894
0.490052
0.469425
1.57822
0.662754
0.598889
1.63002
0.115764
0.613396
1.59179
-0.0414795
0.522261
1.4849
-0.128952
0.516209
1.33928
-0.172021
0.48275
1.24697
0.591413
0.410549
1.54547
0.5873
0.267725
1.3882
0.555234
0.183644
1.22253
0.557672
0.142666
1.20647
0.197673
0.352599
1.5363
0.232963
0.0351896
1.52846
0.00947272
0.0511948
1.42694
0.0922348
0.0480595
1.45824
0.359283
0.323448
1.54373
0.396742
0.029512
1.49037
0.599486
0.114901
1.52357
0.507344
0.0797893
1.47168


0.355385
0.379774
1.57715
0.382889
0.389304
1.59391
0.505189
0.461487
1.58015
0.60969
0.496893
1.50716
0.115301
0.609093
1.59971
-0.0406981
0.527503
1.48568
-0.126022
0.519537
1.33789
-0.173387
0.491733
1.24212
0.344525
0.582099
1.58588
0.452377
0.432327
1.44474
0.511059
0.294906
1.28175
0.54579
0.18358
1.15556
0.223911
0.341149
1.56776
0.225539
0.0350177
1.53827
0.00638965
0.0476642
1.4294
0.0896733
0.043838
1.46922
0.35416
0.330181
1.55348
0.409798
0.0440431
1.51382
0.601856
0.152856
1.52038
0.510407
0.0961365
1.48813


0.347013
0.367336
1.57981
0.377749
0.380507
1.59416
0.512157
0.448435
1.56311
0.613759
0.453134
1.45478
0.11492
0.604526
1.60574
-0.0228976
0.542456
1.48977
-0.121489
0.52018
1.33631
-0.17386
0.498225
1.24005
0.387463
0.578463
1.57079
0.486409
0.437423
1.40662
0.532501
0.32306
1.23701
0.537117
0.232113
1.1201
0.230852
0.337578
1.58315
0.219149
0.0350602
1.5496
0.00325341
0.0421373
1.4332
0.0876059
0.0389335
1.47812
0.351123
0.334306
1.56051
0.414163
0.049687
1.52335
0.587222
0.191746
1.56976
0.512456
0.115668
1.53827


0.340889
0.360366
1.58101
0.372526
0.375352
1.59276
0.509527
0.442782
1.54831
0.585933
0.504524
1.44345
0.114768
0.60065
1.60995
-0.0132184
0.54961
1.49133
-0.112633
0.520488
1.33652
-0.162999
0.506402
1.24972
0.372188
0.561351
1.56709
0.499188
0.451019
1.39958
0.537763
0.374012
1.23541
0.526798
0.278718
1.09166
0.232183
0.33486
1.59555
0.21499
0.0359563
1.56081
0.0001227
0.0263112
1.44257
0.086126
0.0282919
1.48842
0.347775
0.33564
1.56785
0.415857
0.0520612
1.53052
0.555452
0.154898
1.66372
0.508439
0.0960585
1.6044


0.33381
0.357464
1.58504
0.361402
0.377248
1.59278
0.487958
0.45814
1.54157
0.571658
0.503763
1.43059
0.116195
0.5961
1.61567
-0.00644582
0.553559
1.49134
-0.0969337
0.520728
1.3386
-0.138307
0.513071
1.27189
0.304977
0.639085
1.60664
0.441398
0.525721
1.43507
0.503757
0.427175
1.26233
0.52433
0.299786
1.08263
0.235385
0.333757
1.60851
0.169715
0.047317
1.58071
0.0710782
-0.0655535
1.41561
0.112266
-0.101582
1.38135
0.340545
0.340306
1.58043
0.416188
0.0548692
1.53704
0.553589
0.15824
1.67974
0.509544
0.0968493
1.62072


0.327231
0.358403
1.59217
0.352526
0.381671
1.59605
0.474352
0.468861
1.54114
0.557116
0.53582
1.44092
0.118847
0.592461
1.62235
-0.000314126
0.556001
1.48998
-0.0875057
0.520606
1.33959
-0.12761
0.515744
1.28037
0.282181
0.666767
1.63018
0.417195
0.561324
1.46396
0.486462
0.456964
1.27403
0.504478
0.381136
1.18168
0.238911
0.334609
1.62125
0.150396
0.0519872
1.5927
0.138171
-0.141361
1.4204
0.146354
-0.187809
1.35433
0.334831
0.345016
1.59263
0.415614
0.0572376
1.54493
0.528488
0.178702
1.70667
0.474356
0.123318
1.6585


0.322792
0.362651
1.6032
0.346597
0.387501
1.60252
0.46598
0.478241
1.54578
0.543251
0.584844
1.4776
0.12252
0.589442
1.62984
0.00509941
0.556987
1.48755
-0.0812643
0.52032
1.33989
-0.121609
0.517137
1.28482
0.284897
0.671078
1.64139
0.416774
0.571435
1.4792
0.484325
0.470072
1.28424
0.496722
0.428009
1.206
0.242717
0.336785
1.63428
0.142603
0.0540683
1.60292
0.154235
-0.16211
1.41945
0.151824
-0.215355
1.33953
0.331632
0.349634
1.60533
0.414989
0.0600978
1.55883
0.586016
0.156724
1.65402
0.507579
0.115217
1.63277


0.321398
0.368584
1.61661
0.343376
0.393713
1.61061
0.461184
0.48444
1.55072
0.537
0.613561
1.50423
0.126051
0.586835
1.637
0.00948412
0.556765
1.48493
-0.0767385
0.519819
1.33991
-0.117321
0.51753
1.28752
0.289657
0.676748
1.65488
0.418112
0.578806
1.49121
0.482192
0.481748
1.29151
0.493763
0.455128
1.23728
0.246406
0.339885
1.64853
0.144729
0.0543218
1.61935
0.12131
-0.133832
1.42539
0.14791
-0.111923
1.44132
0.33101
0.354232
1.62026
0.406832
0.061906
1.59287
0.557365
0.195649
1.68222
0.492936
0.145004
1.65033


0.323041
0.37457
1.63082
0.342986
0.399914
1.6207
0.458821
0.488806
1.5565
0.533842
0.624343
1.51356
0.129693
0.584
1.6441
0.0129271
0.555577
1.48244
-0.0727266
0.518742
1.33949
-0.114288
0.513215
1.28354
0.295716
0.680069
1.66625
0.419638
0.58282
1.50146
0.483337
0.484082
1.29955
0.49305
0.4609
1.24855
0.250289
0.343157
1.66244
0.157738
0.0524064
1.64288
0.0650878
-0.101843
1.4662
0.126522
-0.0850237
1.50073
0.332955
0.358231
1.63591
0.408814
0.0638596
1.61331
0.540737
0.223823
1.69979
0.484643
0.167026
1.66476


0.325645
0.37889
1.64553
0.343987
0.404575
1.63251
0.457927
0.491319
1.5634
0.532401
0.62738
1.51966
0.133592
0.581266
1.65042
0.0163993
0.552897
1.48084
-0.0684016
0.516915
1.33931
-0.11286
0.506629
1.27564
0.307206
0.676563
1.67275
0.425051
0.575873
1.50853
0.485467
0.479596
1.3078
0.491961
0.462057
1.25691
0.253682
0.345924
1.67663
0.171004
0.0504475
1.66775
0.0318326
-0.0695004
1.49604
0.109556
-0.0359798
1.56051
0.335909
0.360572
1.65328
0.415924
0.0664633
1.63695
0.532973
0.242301
1.71402
0.482659
0.181266
1.67773


0.323101
0.40436
1.68471
0.340032
0.428265
1.67839
0.426505
0.532915
1.63318
0.513304
0.622165
1.5602
0.111654
0.615686
1.71228
0.0411979
0.549386
1.51368
-0.0616213
0.511983
1.34123
-0.105482
0.501329
1.2778
0.316086
0.673824
1.67751
0.427583
0.559887
1.51646
0.486459
0.469066
1.31692
0.489118
0.459455
1.26564
0.250256
0.355403
1.7003
0.182739
0.0501097
1.69314
0.0186862
-0.0481249
1.51542
0.0318227
-0.0149276
1.51267
0.33898
0.366029
1.6731
0.391558
0.0630894
1.67629
0.568707
0.175198
1.71708
0.506266
0.119967
1.67665


0.312764
0.377024
1.71754
0.327231
0.408052
1.71636
0.403981
0.557253
1.67882
0.504543
0.620903
1.57701
0.159994
0.603634
1.72515
0.0590504
0.538172
1.52755
-0.0552868
0.50337
1.3415
-0.0963737
0.492707
1.27763
0.261613
0.623807
1.70093
0.390865
0.527077
1.54298
0.467984
0.449876
1.34948
0.505973
0.374462
1.10402
0.274294
0.343818
1.72792
0.193434
0.0521694
1.72014
0.00858443
-0.0288573
1.54619
0.0599719
0.014758
1.59476
0.32599
0.350359
1.70147
0.388232
0.0592802
1.70728
0.600523
0.136792
1.72619
0.527052
0.0976403
1.69305


0.306623
0.350155
1.73627
0.319385
0.386197
1.72997
0.348588
0.555718
1.71938
0.451724
0.600126
1.61092
0.191273
0.566835
1.72979
0.0684433
0.524256
1.53417
-0.0494107
0.483148
1.3416
-0.0878448
0.479882
1.27708
0.188143
0.583618
1.69752
0.332155
0.493722
1.55386
0.430499
0.420314
1.37188
0.501719
0.354278
1.07568
0.298997
0.323534
1.7478
0.230903
0.0376422
1.75042
0.0175989
-0.0221247
1.60678
0.0824172
0.0263052
1.65491
0.311323
0.326676
1.72025
0.362976
0.0390073
1.73739
0.598439
0.0985535
1.75154
0.517163
0.06343
1.71619


0.305604
0.324535
1.74981
0.316727
0.361869
1.73926
0.336915
0.543477
1.73421
0.438189
0.589553
1.62562
0.217207
0.542914
1.72955
0.0831634
0.49835
1.54168
-0.0338019
0.468575
1.35074
-0.0697345
0.465398
1.28778
0.140719
0.554878
1.69492
0.301852
0.471952
1.56339
0.409376
0.404677
1.38347
0.499088
0.325252
1.04449
0.315847
0.305255
1.76154
0.256193
0.0209263
1.77002
0.0448197
0.0455235
1.79725
0.0517739
0.0774542
1.86481
0.299842
0.302416
1.73403
0.353338
0.0215111
1.75402
0.595062
0.0787463
1.7701
0.508623
0.0453843
1.73647


0.306508
0.310094
1.75855
0.316389
0.346522
1.74611
0.335488
0.527372
1.74641
0.427418
0.578193
1.63717
0.239762
0.540143
1.72864
0.098309
0.4854
1.55154
-0.0148135
0.454027
1.36391
-0.0493957
0.448776
1.30286
0.12334
0.541849
1.69751
0.288684
0.453394
1.57812
0.393947
0.389889
1.39616
0.490024
0.305155
1.06176
0.326929
0.292833
1.77138
0.269288
0.0109931
1.78325
0.0628027
0.0546303
1.91904
0.0370906
0.0697432
2.0007
0.293452
0.285825
1.74387
0.35155
0.0127236
1.76569
0.591393
0.0707227
1.79226
0.506942
0.0382951
1.75135


0.319275
0.279119
1.77489
0.329278
0.31522
1.76122
0.343214
0.504934
1.75981
0.419647
0.569254
1.64637
0.225295
0.479725
1.75695
0.0966022
0.441443
1.57219
-0.00775298
0.425844
1.37752
-0.0766075
0.42069
1.25073
0.114871
0.530494
1.70324
0.285261
0.439119
1.59104
0.38314
0.375986
1.4059
0.481262
0.282405
1.08543
0.337374
0.261018
1.78883
0.275222
-0.00376223
1.79475
0.0636333
0.0269278
1.95134
0.00631133
0.026278
2.01513
0.304468
0.258256
1.76049
0.349197
-0.00623735
1.78364
0.56988
0.0578334
1.84056
0.494088
0.0303995
1.78478


0.327428
0.270367
1.78428
0.336873
0.305022
1.7752
0.35723
0.482578
1.76767
0.368305
0.594533
1.69447
0.216698
0.436783
1.7842
0.0987929
0.400597
1.60199
0.00168618
0.39194
1.40377
-0.0748535
0.394698
1.24336
0.430708
0.434475
1.72984
0.450152
0.349381
1.54677
0.453736
0.316455
1.34245
0.478044
0.26049
1.12062
0.305719
0.23322
1.81032
0.283607
-0.0261807
1.80638
0.0814505
-0.0341324
1.97466
0.0970564
-0.0296946
1.90322
0.360696
0.228535
1.78088
0.34448
-0.0287161
1.79833
0.554635
0.0452264
1.86524
0.484079
0.023628
1.80225


0.336816
0.261587
1.7965
0.346881
0.291553
1.79575
0.368101
0.440821
1.78701
0.340008
0.609321
1.73294
0.221954
0.401501
1.82172
0.10497
0.367526
1.63771
0.0130531
0.368443
1.43738
-0.0761009
0.379072
1.2436
0.46064
0.401199
1.74598
0.479506
0.312584
1.54829
0.473323
0.285311
1.33178
0.47812
0.247411
1.16148
0.289656
0.210933
1.82638
0.285457
-0.0494237
1.81462
0.0970636
-0.0368104
2.0101
0.128632
-0.0203655
1.93161
0.396316
0.205
1.79682
0.351013
-0.0527648
1.81122
0.551747
0.0344436
1.88024
0.482178
0.0180807
1.81381


0.348101
0.240756
1.82473
0.355838
0.270433
1.82578
0.375979
0.416325
1.80271
0.337376
0.600838
1.77835
0.227293
0.376749
1.85221
0.108695
0.344599
1.66731
0.0189031
0.350563
1.46658
-0.0754489
0.358758
1.27362
0.509825
0.354302
1.78448
0.529135
0.260063
1.56302
0.509486
0.24345
1.35514
0.483072
0.230724
1.21211
0.279004
0.18653
1.84714
0.283892
-0.07525
1.8146
0.109787
-0.0475095
2.01194
0.158159
-0.0235779
1.89912
0.413789
0.174235
1.82368
0.356815
-0.0856214
1.81924
0.547607
0.0273303
1.887
0.479255
0.0159733
1.81936


0.352157
0.228162
1.84565
0.359013
0.257931
1.8483
0.383731
0.405107
1.82781
0.34238
0.583862
1.81657
0.241754
0.380223
1.87
0.115007
0.333393
1.6931
0.02391
0.340374
1.49608
-0.0735518
0.341493
1.31666
0.512608
0.332992
1.80954
0.536281
0.227831
1.5956
0.523265
0.214955
1.37241
0.49
0.219504
1.25186
0.274604
0.17404
1.86276
0.280963
-0.0912068
1.81812
0.113692
-0.0513355
2.00689
0.169597
-0.0249693
1.88643
0.417566
0.159151
1.83956
0.364765
-0.107636
1.82737
0.545862
0.022243
1.89177
0.478013
0.0154455
1.82355


0.356421
0.215786
1.87484
0.363205
0.246197
1.87776
0.393192
0.397699
1.86352
0.350466
0.564894
1.8456
0.23837
0.344214
1.91601
0.113109
0.308706
1.7367
0.0236866
0.323109
1.53911
-0.0723944
0.328578
1.36141
0.518818
0.311316
1.84247
0.522912
0.239565
1.6426
0.519595
0.2262
1.46074
0.500831
0.20781
1.28686
0.272165
0.159307
1.89018
0.0645472
0.316579
1.69592
0.141922
0.0948218
1.8883
0.184681
0.00415986
1.85269
0.419617
0.146929
1.86193
0.367649
-0.121746
1.83315
0.543847
0.01789
1.89425
0.47624
0.0160287
1.82631


0.358734
0.210561
1.89664
0.36568
0.241409
1.89984
0.39892
0.39795
1.89453
0.355307
0.556368
1.86263
0.23855
0.332483
1.94236
0.112179
0.296489
1.76865
0.0241631
0.313246
1.56914
-0.0705461
0.316428
1.40243
0.517618
0.304784
1.86484
0.522684
0.236037
1.66632
0.52298
0.222601
1.50147
0.50444
0.201854
1.30175
0.272257
0.153283
1.91003
0.039736
0.338848
1.70784
0.157112
0.11065
1.88663
0.192286
0.0122121
1.84178
0.419252
0.142082
1.87912
0.369044
-0.131336
1.84191
0.542288
0.0151517
1.89761
0.474617
0.0177658
1.83064


0.360208
0.209935
1.91653
0.367483
0.241385
1.91992
0.402521
0.403082
1.91899
0.360054
0.553095
1.87506
0.239058
0.330001
1.96088
0.110429
0.290398
1.78893
0.0217276
0.304513
1.58998
-0.0687445
0.3055
1.43382
0.513535
0.303373
1.88793
0.517009
0.238705
1.6892
0.520838
0.224006
1.53058
0.509085
0.187315
1.31408
0.274358
0.152998
1.92818
0.0355568
0.370681
1.76532
0.164975
0.117355
1.89297
0.197104
0.0166866
1.83677
0.416679
0.143541
1.89983
0.370523
-0.136661
1.84998
0.541361
0.0134173
1.90052
0.47352
0.0201797
1.83566


0.361029
0.219068
1.93893
0.368789
0.250589
1.94187
0.404537
0.413221
1.94052
0.365806
0.554473
1.886
0.237924
0.356054
1.98497
0.108247
0.296524
1.81034
0.0205163
0.300586
1.60714
-0.0668637
0.294429
1.46275
0.50466
0.313355
1.90259
0.508364
0.25231
1.71415
0.520278
0.21979
1.53766
0.510447
0.160232
1.33433
0.279372
0.165131
1.95351
0.0513153
0.395396
1.86624
0.17955
0.0811759
1.93507
0.198524
0.0195648
1.83891
0.413066
0.151387
1.91832
0.375162
-0.136085
1.86524
0.466896
0.0730534
1.89488
0.406608
0.0463829
1.83798


0.362657
0.230466
1.95577
0.370959
0.262426
1.95901
0.407424
0.426578
1.95839
0.372318
0.561217
1.89645
0.237239
0.379947
2.00007
0.105046
0.300581
1.83364
0.0209063
0.298918
1.62652
-0.0651083
0.286872
1.48288
0.498465
0.326837
1.9114
0.506076
0.255339
1.72684
0.523991
0.213547
1.55571
0.532289
0.161977
1.4113
0.28405
0.177704
1.97053
0.0454069
0.397583
1.89726
0.186796
0.0781553
1.94961
0.196402
0.0215133
1.84669
0.411216
0.162078
1.93395
0.309958
-0.0964035
1.87506
0.430927
0.0968991
1.89269
0.372479
0.05862
1.83876


0.364657
0.242429
1.96794
0.37341
0.274143
1.9713
0.409732
0.436802
1.97018
0.377628
0.571541
1.90609
0.233527
0.393165
2.01757
0.102012
0.306353
1.86015
0.0227982
0.297098
1.65002
-0.060788
0.279128
1.50413
0.496487
0.341421
1.91917
0.505306
0.255271
1.73357
0.532779
0.186889
1.53724
0.538264
0.12389
1.42393
0.287445
0.187188
1.98096
0.0400359
0.38994
1.93252
0.185054
0.0654965
1.97109
0.143887
0.0148718
1.96145
0.410846
0.173875
1.94593
0.281146
-0.0726447
1.87731
0.41447
0.110364
1.89304
0.356838
0.0660557
1.84043


0.365845
0.254594
1.97714
0.375065
0.285373
1.98065
0.411555
0.444625
1.97886
0.38147
0.58077
1.91472
0.244455
0.440324
2.03264
0.107691
0.337501
1.8942
0.0353214
0.30989
1.68478
-0.0180099
0.288009
1.59495
0.496506
0.35183
1.9252
0.509937
0.257943
1.73564
0.538836
0.174208
1.53065
0.542772
0.085871
1.42737
0.290679
0.202323
1.99068
0.0359439
0.383307
1.97053
0.182652
0.0651233
1.98592
0.141294
0.0162867
1.97664
0.409795
0.184666
1.95462
0.268441
-0.0596859
1.87787
0.405063
0.118813
1.89363
0.347635
0.0708238
1.842


0.366163
0.26199
1.98326
0.375843
0.29239
1.9873
0.413426
0.450851
1.98628
0.384566
0.588961
1.92385
0.266571
0.479154
2.038
0.131858
0.353757
1.92829
0.0582168
0.318406
1.72182
0.0251193
0.288086
1.67037
0.497428
0.358673
1.93033
0.518425
0.259574
1.7379
0.542436
0.152924
1.53497
0.547133
0.0633768
1.43325
0.29252
0.211915
1.99645
0.0357031
0.362108
1.99795
0.180306
0.0651141
1.99474
0.13496
0.0156488
1.99365
0.407581
0.192439
1.96158
0.261632
-0.0508308
1.87736
0.400861
0.124961
1.89495
0.342475
0.0745794
1.84407


0.366103
0.26665
1.98778
0.376099
0.296807
1.99252
0.414668
0.454532
1.99262
0.38658
0.593681
1.93184
0.275063
0.49367
2.04029
0.138136
0.344596
1.98313
0.0693505
0.305806
1.77673
0.0537268
0.283882
1.73655
0.499212
0.363222
1.936
0.52751
0.264464
1.76114
0.550809
0.144474
1.56734
0.553223
0.0497732
1.44395
0.293541
0.21827
2.00054
0.0326753
0.338842
2.01094
0.178115
0.0657085
2.00082
0.130891
0.0154046
2.00465
0.405655
0.197142
1.9663
0.258413
-0.0445047
1.87626
0.40255
0.127879
1.89726
0.341614
0.0770852
1.84677


0.365876
0.269602
1.99143
0.376017
0.299529
1.99713
0.415662
0.456033
1.9983
0.388014
0.595877
1.94023
0.280678
0.501292
2.0409
0.147713
0.329275
2.01407
0.0760787
0.299503
1.7992
0.0638563
0.279552
1.75723
0.501571
0.364356
1.94266
0.53831
0.267035
1.78824
0.55839
0.143561
1.59847
0.561388
0.0412816
1.45622
0.294091
0.222263
2.00371
0.0249301
0.309269
2.02666
0.175999
0.066467
2.00552
0.128233
0.0150562
2.01255
0.403578
0.1999
1.97037
0.257375
-0.0404577
1.87514
0.407956
0.127448
1.899
0.343101
0.0781994
1.84918


0.364531
0.269209
1.99604
0.37486
0.298284
2.00333
0.415683
0.453435
2.00452
0.388932
0.592648
1.95087
0.288027
0.488817
2.04076
0.179886
0.28792
2.05447
0.0733382
0.209249
1.95178
0.0616334
0.166385
1.94215
0.505414
0.358128
1.95237
0.541151
0.264672
1.7966
0.567392
0.141185
1.62716
0.573843
0.0368687
1.47496
0.294139
0.224597
2.00639
0.021372
0.295886
2.0382
0.173523
0.0647929
2.00972
0.125262
0.0129018
2.01718
0.400599
0.196587
1.97721
0.257586
-0.0388279
1.87299
0.418032
0.119105
1.90075
0.347205
0.0753325
1.85227


0.362324
0.263801
2.00131
0.373163
0.291873
2.01013
0.415298
0.444632
2.01061
0.389324
0.585996
1.96078
0.27866
0.443832
2.04548
0.18889
0.242165
2.07319
0.0633925
0.156865
2.02208
0.0713081
0.120781
2.02588
0.509292
0.336649
1.96257
0.548657
0.264089
1.80638
0.575452
0.132917
1.64425
0.593303
0.0390532
1.50771
0.291885
0.222821
2.00957
0.0185068
0.286528
2.04613
0.171074
0.060572
2.01329
0.122686
0.0111558
2.02153
0.39833
0.186621
1.98532
0.544852
0.161932
1.77166
0.598108
0.09046
1.57588
0.590103
0.0353919
1.53434


0.359513
0.253669
2.00623
0.370887
0.281201
2.01616
0.413459
0.431836
2.01519
0.388138
0.575345
1.96935
0.270383
0.407366
2.05001
0.190756
0.221799
2.07656
0.0671693
0.103394
2.06713
0.0673036
0.0644347
2.0796
0.511349
0.322672
1.96861
0.553714
0.204146
1.81449
0.585227
0.11785
1.66105
0.604033
0.0390973
1.52543
0.286556
0.213831
2.01307
0.0168145
0.280377
2.05168
0.169254
0.0549519
2.01684
0.120716
0.00860146
2.02638
0.397469
0.176056
1.99141
0.593579
0.169352
1.74011
0.635692
0.048276
1.52181
0.61136
0.0631923
1.50084


0.357431
0.245458
2.00904
0.369016
0.272407
2.01961
0.409913
0.417481
2.01703
0.386457
0.565061
1.97445
0.267
0.392532
2.05182
0.189468
0.21085
2.07269
0.0683805
0.0953591
2.06618
0.0639845
0.0459751
2.08758
0.512297
0.311197
1.97189
0.560234
0.159397
1.81412
0.598637
0.0745075
1.64276
0.615087
0.0375681
1.5486
0.282547
0.206113
2.01488
0.0156277
0.275867
2.05577
0.168255
0.0492395
2.02016
0.119408
0.00575451
2.03133
0.397156
0.167459
1.99512
0.625049
0.163857
1.73384
0.671429
0.0247902
1.46862
0.613384
0.0705624
1.49508


0.355698
0.238266
2.01003
0.36724
0.264943
2.02084
0.405974
0.40671
2.01617
0.383813
0.555409
1.97581
0.264412
0.38294
2.05185
0.184065
0.206214
2.06314
0.0687913
0.0883671
2.06485
0.0611691
0.0363581
2.08469
0.512766
0.304115
1.97347
0.563334
0.136901
1.81736
0.60526
0.052662
1.63337
0.621624
0.035966
1.56412
0.27929
0.198341
2.01517
0.0148333
0.272588
2.05874
0.167655
0.0445841
2.02264
0.11851
0.00321471
2.03547
0.397182
0.160356
1.99679
0.637198
0.177754
1.77255
0.674754
0.0374273
1.55233
0.644595
0.0317115
1.50048


0.354409
0.23241
2.00908
0.365682
0.259028
2.01974
0.401596
0.399206
2.0122
0.380647
0.548233
1.97307
0.262179
0.37662
2.05006
0.178618
0.209445
2.04794
0.0704728
0.0868332
2.05852
0.0584787
0.0316211
2.07474
0.512966
0.298874
1.9734
0.565414
0.124495
1.81949
0.610492
0.0393722
1.62985
0.625657
0.0334915
1.57387
0.277316
0.191941
2.01382
0.0143568
0.270181
2.06083
0.167303
0.0414332
2.02422
0.117942
0.00126807
2.03852
0.39753
0.154624
1.99651
0.639677
0.166577
1.77694
0.669583
0.0156389
1.55647
0.617133
0.0200253
1.52072


0.352507
0.227244
2.00456
0.362961
0.254097
2.01394
0.394601
0.395765
2.00147
0.375706
0.544351
1.95971
0.258307
0.373368
2.04118
0.166542
0.212195
2.02703
0.0425273
0.110597
2.02028
0.0294818
0.0539788
2.02592
0.512393
0.296498
1.97108
0.567101
0.117023
1.82093
0.613697
0.0320692
1.62921
0.63082
0.0325164
1.59558
0.275279
0.186344
2.00986
0.0144944
0.268977
2.06122
0.167085
0.0392641
2.02518
0.11769
-0.000866244
2.04082
0.397851
0.150261
1.99363
0.650995
0.172161
1.78612
0.715341
0.0190916
1.54794
0.647069
0.019481
1.55913


0.350374
0.224642
1.99294
0.359448
0.252555
1.99957
0.387442
0.398308
1.98307
0.369648
0.547869
1.92998
0.24982
0.381217
2.01373
0.15876
0.21618
2.01228
0.0284553
0.126971
1.99411
0.0171595
0.0646669
2.00578
0.511076
0.299513
1.96017
0.570946
0.117162
1.82036
0.62083
0.0442863
1.65865
0.63329
0.0321747
1.60585
0.273648
0.182601
2.00038
0.0162401
0.271803
2.05379
0.166931
0.0382572
2.02538
0.11754
-0.00179341
2.04212
0.398337
0.1476
1.98377
0.64966
0.165187
1.79318
0.721511
0.0226829
1.5657
0.649077
0.0140986
1.58358


0.349005
0.227911
1.97208
0.356892
0.25798
1.97494
0.382478
0.410867
1.95202
0.364524
0.556713
1.89958
0.243055
0.388229
1.99003
0.139645
0.237098
1.98361
0.0246391
0.132314
1.98422
0.0126951
0.0680331
1.99837
0.50905
0.308795
1.93686
0.595841
0.158441
1.81227
0.624235
0.0540721
1.67402
0.634863
0.0319456
1.61185
0.272639
0.18276
1.98345
0.0198929
0.28275
2.03197
0.166965
0.0399671
2.02125
0.117717
-0.00192283
2.04164
0.399832
0.150657
1.96521
0.647155
0.174112
1.80216
0.729425
0.040294
1.59668
0.647226
0.0154836
1.60469


0.347355
0.23642
1.94924
0.354207
0.267344
1.95068
0.378864
0.420727
1.92907
0.359085
0.566369
1.86947
0.239936
0.421277
1.95493
0.133273
0.251162
1.96668
0.0236324
0.139156
1.97503
0.0136151
0.0802925
1.99244
0.507997
0.320436
1.91185
0.609891
0.185766
1.80618
0.627387
0.0627858
1.6795
0.635538
0.0321023
1.61558
0.271627
0.188583
1.96245
0.0209162
0.292196
2.00964
0.166383
0.046243
2.01197
0.117807
0.000258019
2.03765
0.400057
0.157438
1.94549
0.64652
0.177474
1.80554
0.72874
0.0460562
1.60927
0.62824
0.0306417
1.63905


0.344854
0.250233
1.92278
0.351371
0.28107
1.92323
0.376613
0.432203
1.9014
0.354813
0.574982
1.84301
0.237636
0.438005
1.93453
0.126393
0.26178
1.94689
0.0216058
0.145541
1.96453
0.00454152
0.0927194
1.98082
0.507559
0.332375
1.88773
0.623577
0.199574
1.79105
0.631411
0.0727499
1.67772
0.633828
0.0333847
1.61392
0.270973
0.196376
1.94219
0.0206005
0.300736
1.98524
0.164751
0.0546487
2.001
0.117744
0.00825697
2.0179
0.394634
0.175707
1.91437
0.646074
0.185429
1.80618
0.716094
0.0532409
1.623
0.62483
0.0439878
1.65512


0.342354
0.258909
1.90267
0.348582
0.289682
1.90158
0.373761
0.438683
1.87407
0.349597
0.580467
1.81525
0.233738
0.446266
1.9133
0.122074
0.267554
1.93244
0.0206802
0.148989
1.95924
0.000248175
0.0995535
1.97573
0.505546
0.343919
1.86406
0.626513
0.206842
1.78542
0.635903
0.0834026
1.66942
0.631103
0.0350384
1.60694
0.269673
0.2031
1.92256
0.0189099
0.306172
1.96207
0.162752
0.0620728
1.98983
0.119814
0.0119549
2.00945
0.391335
0.184788
1.89733
0.645032
0.19322
1.80255
0.714286
0.0562952
1.62846
0.624113
0.0519057
1.66224


0.34001
0.264201
1.88127
0.346081
0.294691
1.87835
0.371484
0.441045
1.84463
0.340912
0.580227
1.78125
0.227191
0.447523
1.88904
0.117017
0.272753
1.9074
0.0219384
0.152365
1.95377
0.00299372
0.106006
1.97433
0.501964
0.352991
1.83986
0.624261
0.211175
1.77937
0.641282
0.0921515
1.65811
0.629138
0.0363263
1.59826
0.267702
0.207408
1.90242
0.0169007
0.31019
1.9383
0.160006
0.0689526
1.97434
0.121613
0.0142513
2.00264
0.388898
0.1906
1.87996
0.651916
0.193428
1.77115
0.692798
0.0346075
1.61554
0.624607
0.0567669
1.65282


0.335792
0.265805
1.85682
0.341819
0.295345
1.85202
0.367647
0.435213
1.8103
0.330524
0.569954
1.74515
0.218653
0.442054
1.85473
0.11402
0.274415
1.88515
0.0244724
0.154023
1.94054
0.00557549
0.110442
1.97049
0.496205
0.356301
1.81057
0.612489
0.21569
1.77299
0.647609
0.09651
1.64262
0.628425
0.0372214
1.59051
0.263889
0.208952
1.88089
0.0118348
0.309275
1.91147
0.15742
0.0706376
1.9577
0.123772
0.0146554
1.99372
0.383966
0.193398
1.85863
0.654535
0.192344
1.75663
0.685346
0.0258501
1.60467
0.627645
0.0576316
1.63947


0.328131
0.260835
1.82437
0.33382
0.288791
1.81667
0.359301
0.421679
1.76811
0.319335
0.551347
1.7051
0.209119
0.429522
1.81667
0.109504
0.271636
1.85346
0.0274863
0.150345
1.91145
0.00998119
0.112648
1.96021
0.486754
0.354627
1.7763
0.616489
0.229649
1.74175
0.651942
0.0981266
1.63159
0.630626
0.041015
1.58604
0.257424
0.205639
1.85398
0.00414546
0.302629
1.88077
0.154506
0.0684576
1.93842
0.125559
0.0167618
1.98526
0.376166
0.191078
1.8311
0.65657
0.191563
1.74504
0.683899
0.0223855
1.5988
0.631012
0.0563575
1.62687


0.320111
0.251681
1.78625
0.325763
0.278368
1.77738
0.351225
0.405354
1.72562
0.310355
0.535248
1.66742
0.199045
0.414396
1.77139
0.106376
0.264591
1.81458
0.0303377
0.144203
1.87691
0.0162575
0.111806
1.93936
0.475171
0.348068
1.73534
0.617989
0.235451
1.72366
0.655554
0.100957
1.62529
0.634003
0.0469447
1.58362
0.249699
0.198347
1.8198
-0.00289866
0.293731
1.85083
0.151397
0.0620292
1.91182
0.125657
0.0167022
1.97254
0.367471
0.183819
1.79471
0.657837
0.191091
1.73293
0.686633
0.0194555
1.59246
0.634576
0.0539864
1.61473


0.310546
0.237937
1.74467
0.316276
0.263853
1.73479
0.341426
0.387021
1.67883
0.298923
0.512235
1.62245
0.189708
0.402661
1.72988
0.101759
0.25626
1.77119
0.0313241
0.134852
1.83346
0.0216016
0.10393
1.8968
0.463154
0.339729
1.68992
0.620455
0.215011
1.68734
0.669756
0.0844961
1.60463
0.641665
0.0451812
1.57692
0.241806
0.189943
1.78253
-0.011715
0.281128
1.81267
0.148634
0.0548245
1.88591
0.122132
0.0172425
1.94423
0.355688
0.167413
1.75334
0.658873
0.192703
1.71349
0.68973
0.0165007
1.58587
0.637336
0.0516731
1.60515


0.302955
0.227087
1.70003
0.308432
0.251845
1.68999
0.332176
0.369388
1.63361
0.28679
0.489162
1.57461
0.174652
0.380333
1.68458
0.0958179
0.246726
1.72488
0.0368769
0.125332
1.79618
0.0288078
0.0947715
1.85704
0.45743
0.329334
1.64211
0.608284
0.234358
1.64398
0.680685
0.0982198
1.60245
0.651638
0.0562807
1.57655
0.232523
0.17829
1.73919
-0.0181985
0.275473
1.76835
0.145082
0.0488275
1.85319
0.123243
0.0132746
1.90694
0.349156
0.155748
1.71123
0.675656
0.193474
1.67384
0.664622
0.00356116
1.56067
0.637157
-0.00318362
1.52316


0.298377
0.219525
1.65556
0.302498
0.242808
1.64426
0.318792
0.352834
1.58586
0.276766
0.472195
1.52801
0.158536
0.352342
1.64754
0.0817207
0.231168
1.6826
0.0478017
0.106763
1.76228
0.0290664
0.0829471
1.81938
0.451732
0.317816
1.59137
0.595645
0.244311
1.60856
0.688898
0.109923
1.6033
0.660696
0.0666167
1.57692
0.225836
0.167379
1.69886
-0.0245828
0.26476
1.72551
0.141979
0.0450473
1.82387
0.1242
0.0124318
1.88828
0.351605
0.148974
1.66877
0.675862
0.202243
1.63875
0.654363
-0.00124883
1.55212
0.635753
-0.0328891
1.48695


0.291896
0.21382
1.61269
0.296048
0.236055
1.59947
0.313904
0.340688
1.5346
0.265709
0.461786
1.47898
0.146094
0.340458
1.59988
0.071899
0.226778
1.64045
0.0525681
0.101044
1.72682
0.0270197
0.0778788
1.7786
0.445246
0.308274
1.54319
0.589662
0.232134
1.5689
0.704232
0.117593
1.59666
0.676453
0.0749407
1.57121
0.216359
0.161928
1.66245
-0.028525
0.271021
1.68159
0.139152
0.042965
1.79551
0.124519
0.0110882
1.86607
0.347245
0.143875
1.63032
0.669933
0.210231
1.60698
0.643395
-0.00450135
1.54686
0.632617
-0.0479278
1.47053


0.284534
0.210428
1.57671
0.288928
0.232249
1.56183
0.308437
0.334662
1.48595
0.253873
0.453041
1.43214
0.136399
0.332951
1.55368
0.0636995
0.225165
1.60931
0.0570038
0.0902929
1.67647
0.026111
0.0673962
1.72391
0.438161
0.299502
1.49525
0.586604
0.22544
1.54571
0.712013
0.12142
1.5881
0.686491
0.0800441
1.56329
0.206177
0.159437
1.63027
-0.0368125
0.266635
1.65357
0.136561
0.041206
1.76794
0.124157
0.00945136
1.84126
0.340785
0.141167
1.59755
0.663466
0.213826
1.57567
0.635745
-0.00754915
1.54533
0.637212
0.0307942
1.53876


0.27547
0.209387
1.5435
0.279588
0.231056
1.52648
0.297614
0.332577
1.44009
0.243609
0.45111
1.38836
0.128999
0.32998
1.51998
0.0560296
0.225524
1.58347
0.0590315
0.0880562
1.64918
0.0259745
0.0640586
1.69342
0.431442
0.294476
1.4588
0.582239
0.217614
1.51671
0.715856
0.127046
1.56539
0.694215
0.0859662
1.54653
0.196649
0.159484
1.60229
-0.0434121
0.263289
1.63565
0.131881
0.0429452
1.72759
0.121311
0.00929948
1.80459
0.333222
0.141071
1.56843
0.654796
0.215244
1.53921
0.629738
-0.00893198
1.54585
0.635459
0.0450621
1.53594


0.268853
0.208695
1.52136
0.272244
0.23077
1.50211
0.284818
0.336873
1.40206
0.236908
0.457338
1.35052
0.123509
0.328564
1.49005
0.0512449
0.226166
1.56171
0.0595
0.0879684
1.62862
0.0256614
0.0626096
1.67041
0.424004
0.293531
1.42501
0.577228
0.213063
1.48803
0.71516
0.135418
1.52682
0.699056
0.0941526
1.51472
0.19043
0.159823
1.58099
-0.0481977
0.260671
1.62281
0.0745661
0.0664312
1.69094
0.111998
0.0416833
1.71478
0.328039
0.141597
1.54893
0.65948
0.210994
1.51188
0.620135
-0.00845651
1.54789
0.63518
0.0596201
1.54147


0.262539
0.209277
1.50336
0.265132
0.231999
1.48233
0.274407
0.341773
1.37632
0.229236
0.463454
1.3191
0.120265
0.327695
1.47318
0.0463485
0.225893
1.54248
0.0596069
0.0895664
1.61556
0.0255314
0.0626324
1.65537
0.419031
0.295971
1.40106
0.573332
0.210384
1.46157
0.642975
0.0603145
1.50544
0.616857
0.0150905
1.51214
0.18605
0.160365
1.56657
-0.0519885
0.25792
1.61512
0.105849
0.0433308
1.71954
0.0762306
0.0350749
1.72625
0.322687
0.144682
1.53029
0.655346
0.19034
1.47969
0.610442
-0.0114561
1.5558
0.629814
0.0582676
1.53885


0.258787
0.212378
1.48915
0.261105
0.235428
1.46753
0.269371
0.346461
1.36026
0.220499
0.465815
1.29588
0.118
0.329304
1.45949
0.0433904
0.227618
1.52856
0.0599565
0.0927723
1.60219
0.0260426
0.0639026
1.64108
0.411184
0.309897
1.36959
0.5643
0.224807
1.4113
0.614666
0.0500451
1.48184
0.596135
0.00552364
1.5008
0.184248
0.165228
1.55153
-0.0589289
0.255468
1.59274
0.0999074
0.0450554
1.69518
0.0699681
0.0416012
1.69497
0.319256
0.15043
1.51536
0.641979
0.183289
1.452
0.607181
-0.0106391
1.55749
0.60996
0.0454785
1.51792


0.252451
0.234454
1.46462
0.255605
0.254372
1.44579
0.266171
0.355232
1.34787
0.213423
0.467315
1.27999
0.106175
0.344211
1.44887
0.041508
0.230165
1.51739
0.059667
0.0990532
1.59335
0.0263672
0.0670518
1.631
0.407118
0.322434
1.3489
0.559874
0.231462
1.38745
0.599321
0.0410729
1.47256
0.584006
-0.00387297
1.49737
0.177885
0.184363
1.53087
-0.0655537
0.253604
1.58212
0.147897
0.0350169
1.65213
0.0783789
0.0425827
1.67875
0.314972
0.167034
1.49669
0.631774
0.0695586
1.48998
0.592046
0.207506
1.55296
0.595127
0.121599
1.52691


0.24769
0.247642
1.45342
0.250084
0.267663
1.43487
0.254246
0.368436
1.34078
0.206609
0.470759
1.2668
0.098231
0.375915
1.43163
0.0439653
0.252799
1.49926
0.0302175
0.137685
1.58435
0.00530102
0.0978851
1.61895
0.402778
0.348242
1.3242
0.554044
0.236421
1.36794
0.58857
0.0388059
1.46502
0.576715
-0.00710062
1.49434
0.175026
0.200652
1.51884
-0.072314
0.256735
1.56853
0.140255
0.0519685
1.61666
0.072498
0.05472
1.67377
0.311011
0.180437
1.48655
0.625078
0.0294703
1.49202
0.592666
0.258119
1.54137
0.590659
0.167851
1.5248


0.245836
0.260045
1.44699
0.248195
0.282765
1.42752
0.257414
0.404415
1.32262
0.189776
0.48477
1.24803
0.106275
0.421169
1.3927
0.0417553
0.30806
1.46205
0.0212564
0.192158
1.55624
-0.00398231
0.154695
1.58854
0.393304
0.385487
1.29851
0.539228
0.244871
1.34755
0.576886
0.05267
1.45396
0.568219
0.00636014
1.48438
0.179346
0.230154
1.50514
-0.0757625
0.25952
1.55764
0.1373
0.060041
1.59508
0.130802
0.0496442
1.58465
0.307613
0.1975
1.48023
0.512434
0.0421942
1.59823
0.645142
0.117532
1.488
0.583791
0.0606451
1.50515


0.247033
0.279986
1.43971
0.249501
0.301643
1.42025
0.259403
0.419197
1.3156
0.18483
0.489328
1.24014
0.110761
0.457883
1.36629
0.0387594
0.320642
1.45486
0.0266433
0.199588
1.58231
0.0163001
0.156894
1.61278
0.387485
0.404428
1.28673
0.526313
0.250553
1.33541
0.564057
0.0620153
1.44276
0.557221
0.0169314
1.47419
0.182683
0.250883
1.49492
-0.0777872
0.261896
1.54981
0.134409
0.0638849
1.57581
0.131792
0.0382984
1.52227
0.304501
0.222847
1.47097
0.473282
0.0223931
1.59497
0.648146
0.121104
1.43348
0.565509
0.0773377
1.47251


0.246106
0.298664
1.43333
0.247708
0.321304
1.41341
0.254239
0.435972
1.31156
0.176164
0.499518
1.23516
0.107797
0.476932
1.35551
0.0339567
0.334702
1.45068
0.0245531
0.224908
1.57551
0.0142311
0.179974
1.59999
0.383832
0.4158
1.2794
0.510377
0.252788
1.32746
0.551762
0.0675853
1.43462
0.550322
0.0218896
1.46662
0.183692
0.264108
1.48815
-0.0794046
0.263641
1.54411
0.136285
0.0708677
1.56115
0.134034
0.0349009
1.49594
0.303358
0.239261
1.46466
0.449452
0.0312167
1.57545
0.658595
0.0901649
1.40225
0.564649
0.0502683
1.44843


0.253083
0.310708
1.42425
0.25624
0.331797
1.40284
0.278586
0.42327
1.29518
0.18363
0.496884
1.2249
0.104081
0.488223
1.35007
0.0286073
0.345604
1.45304
0.0241059
0.235042
1.57524
0.0147586
0.188009
1.5976
0.381186
0.423322
1.27411
0.498012
0.25459
1.32339
0.539276
0.072534
1.42959
0.545494
0.0259986
1.45788
0.186356
0.272485
1.48363
-0.06923
0.30243
1.53646
0.143894
0.109749
1.52256
0.120365
0.0477373
1.46835
0.306328
0.252988
1.45796
0.464237
0.0478694
1.53869
0.666662
0.0864053
1.3755
0.568707
0.0539835
1.42278


0.276014
0.321841
1.40931
0.290167
0.34004
1.3855
0.347375
0.412235
1.28391
0.255423
0.488607
1.2111
0.0929139
0.494251
1.35149
0.0256262
0.356938
1.48702
0.0239245
0.240568
1.57992
0.0147225
0.193371
1.59754
0.404874
0.392005
1.28092
0.491061
0.252475
1.32319
0.514146
0.0983632
1.41476
0.533499
0.0492769
1.4432
0.187742
0.279374
1.47995
-0.0706132
0.308144
1.50241
0.144557
0.11612
1.48997
0.117936
0.0513945
1.44752
0.308744
0.260463
1.45331
0.459929
0.0484968
1.51916
0.350594
0.10111
1.37962
0.418508
0.0635392
1.41916


0.288569
0.334404
1.39265
0.303391
0.349287
1.37199
0.36613
0.416069
1.27631
0.272949
0.492058
1.20364
0.077897
0.498672
1.35494
0.0204477
0.368919
1.50766
0.0252903
0.247754
1.58912
0.0309313
0.198859
1.62921
0.448553
0.322379
1.3072
0.513377
0.202734
1.36345
0.491132
0.0741118
1.42796
0.521901
0.0402825
1.44652
0.1859
0.2895
1.47381
0.0892643
0.0708293
1.47039
0.291129
0.0526545
1.47728
0.204963
0.0444128
1.44424
0.31144
0.263945
1.44788
0.47155
0.0504497
1.49394
0.303254
0.0853492
1.36394
0.372969
0.0532595
1.40266


0.295425
0.340257
1.3847
0.310665
0.353884
1.36555
0.385704
0.419424
1.28191
0.291148
0.495222
1.20502
0.0679175
0.499622
1.35813
0.0181151
0.375309
1.51816
0.0280348
0.252893
1.59914
0.0397861
0.201873
1.64854
0.472305
0.283905
1.32236
0.525451
0.177914
1.38534
0.484168
0.0597953
1.4346
0.51609
0.0316578
1.44913
0.183623
0.295722
1.46628
0.114593
0.0383521
1.44878
0.331345
0.0433391
1.43912
0.239796
0.0413857
1.42815
0.314809
0.262855
1.44
0.481919
0.051087
1.46966
0.264477
0.0922362
1.36211
0.350012
0.0675975
1.39159


0.301371
0.341808
1.37811
0.316072
0.355909
1.36103
0.395714
0.421211
1.28684
0.302572
0.497277
1.20721
0.101424
0.493512
1.33349
0.0481701
0.387333
1.49927
0.0311748
0.256255
1.60642
0.0440325
0.204961
1.66013
0.481382
0.269419
1.32766
0.528624
0.165441
1.39247
0.492494
0.0460173
1.44496
0.512021
0.0212522
1.45673
0.192189
0.290723
1.43334
0.11273
0.0131904
1.44135
0.339467
0.0316112
1.42334
0.252163
0.0372873
1.41959
0.321821
0.246599
1.40789
0.491885
0.0489008
1.44438
0.261204
0.0745124
1.34859
0.327482
0.0652221
1.38279


0.305259
0.337505
1.37241
0.319837
0.35389
1.35784
0.401425
0.421718
1.29466
0.311037
0.49851
1.2116
0.151033
0.461808
1.29932
0.0804849
0.386589
1.4689
0.0334469
0.25923
1.60937
0.0463975
0.207167
1.66517
0.493249
0.304275
1.31532
0.518236
0.178556
1.37991
0.516912
0.057054
1.43039
0.530984
0.0142287
1.45142
0.194055
0.282095
1.41039
0.100316
0.00464037
1.42994
0.352734
0.0131521
1.40791
0.248308
0.0215521
1.4093
0.324337
0.239794
1.39295
0.48322
0.0277378
1.38422
0.208007
0.0223985
1.28296
0.257572
0.00499752
1.25499


0.297284
0.313754
1.35289
0.317939
0.341373
1.34636
0.413937
0.432977
1.28887
0.323945
0.506363
1.20918
0.203032
0.45661
1.25662
0.116622
0.394389
1.42174
0.0456406
0.277402
1.58217
0.0497563
0.219619
1.65032
0.498411
0.322412
1.3065
0.432268
0.219093
1.24103
0.518836
0.135424
1.37287
0.532567
0.0752683
1.4031
0.188719
0.268363
1.37596
0.0723602
0.00971714
1.4188
0.317
-0.00877212
1.40009
0.234516
0.00616725
1.40015
0.316937
0.231548
1.36806
0.468335
0.0146624
1.32046
0.551829
-0.0491029
1.20493
0.566837
-0.0767828
1.13565


0.291188
0.296872
1.33835
0.314757
0.327829
1.33483
0.420801
0.436967
1.28803
0.332812
0.510623
1.20906
0.245416
0.424142
1.22721
0.138289
0.380687
1.38569
0.0468973
0.282568
1.56333
0.0478986
0.226223
1.63379
0.509267
0.339152
1.29043
0.38651
0.267061
1.28875
0.520655
0.156826
1.34177
0.531799
0.0893989
1.36673
0.179119
0.252607
1.33775
0.0587836
0.00365123
1.40895
0.266823
-0.0332043
1.3533
0.183984
-0.0107935
1.3574
0.310889
0.224245
1.34677
0.431286
-0.00251421
1.24538
0.588882
0.0195898
1.27131
0.638785
0.0287798
1.22699


0.284534
0.281304
1.323
0.308914
0.312223
1.32124
0.424225
0.438248
1.28834
0.33752
0.512218
1.20946
0.261046
0.411019
1.21473
0.141656
0.372805
1.36664
0.0435747
0.279481
1.54316
0.043213
0.227184
1.6139
0.513102
0.34407
1.28559
0.360469
0.278409
1.28782
0.518891
0.163417
1.31755
0.527027
0.0908135
1.3282
0.17435
0.242724
1.31554
0.0453106
0.00550073
1.39783
0.246506
-0.0324927
1.329
0.162582
-0.0087615
1.3329
0.304505
0.215868
1.32293
0.420834
-0.00997916
1.2153
0.661478
0.0162056
1.30371
0.7097
0.0171137
1.25265


0.28087
0.270944
1.30669
0.30473
0.299838
1.30497
0.423591
0.434831
1.28785
0.340523
0.512387
1.20961
0.269036
0.401541
1.20477
0.132433
0.35935
1.34582
0.0362007
0.272857
1.51092
0.030923
0.221602
1.56536
0.515652
0.348479
1.2756
0.372152
0.271918
1.29849
0.510652
0.151962
1.28381
0.515545
0.0828947
1.28398
0.17056
0.233445
1.29124
0.0322624
0.0118762
1.38565
0.233551
-0.0288013
1.31414
0.149117
-0.004854
1.31639
0.301986
0.211525
1.30547
0.414482
-0.0138475
1.19264
0.668862
0.0224981
1.31862
0.736299
0.0264996
1.27515


0.275563
0.258322
1.27787
0.299367
0.287675
1.28304
0.421099
0.430813
1.28663
0.342062
0.51176
1.20955
0.271017
0.394966
1.19803
0.11435
0.343762
1.32697
0.0286791
0.256489
1.45187
0.0230477
0.209429
1.5048
0.515673
0.349784
1.26396
0.34073
0.333787
1.24449
0.478276
0.173178
1.24372
0.506777
0.0723471
1.25172
0.167886
0.224286
1.26385
0.055236
-0.00517103
1.33523
0.245756
-0.0314303
1.31285
0.16271
-0.00607794
1.30673
0.297458
0.197344
1.26332
0.413849
-0.018681
1.17362
0.684065
0.0191422
1.31599
0.7536
0.0297838
1.27726


0.274094
0.250258
1.26375
0.29774
0.279067
1.27236
0.42063
0.419098
1.29019
0.343682
0.506011
1.21205
0.270971
0.388141
1.19706
0.0999748
0.329747
1.31615
0.0416338
0.167354
1.31641
0.0332596
0.132029
1.37414
0.513519
0.347489
1.25053
0.336151
0.374932
1.21973
0.460238
0.192639
1.21245
0.477681
0.103316
1.20927
0.170429
0.216748
1.24276
0.0636379
-0.0118318
1.31382
0.257809
-0.0292297
1.30552
0.175801
-0.00419379
1.29429
0.295876
0.191624
1.24752
0.415694
-0.0209278
1.15811
0.679547
0.0202971
1.30656
0.750172
0.0401776
1.27402


0.27134
0.239503
1.24562
0.295363
0.266753
1.25784
0.420889
0.404873
1.28678
0.34498
0.496827
1.21098
0.26974
0.381682
1.19504
0.0867671
0.315465
1.2992
0.0458471
0.128214
1.24675
0.0409411
0.0827377
1.29329
0.503922
0.340237
1.22683
0.331179
0.387684
1.21029
0.452472
0.198874
1.19559
0.457378
0.118497
1.18223
0.171371
0.210727
1.2253
0.0696414
-0.0185649
1.29399
0.269273
-0.0223379
1.2916
0.186549
4.10279e-005
1.27775
0.293661
0.186344
1.23475
0.419308
-0.0212041
1.14014
0.649703
0.0210449
1.27595
0.72178
0.0492194
1.24972


0.227659
0.267411
1.18847
0.224902
0.299204
1.19005
0.188289
0.434723
1.1543
0.145692
0.512156
1.09874
0.0633731
0.421804
1.20057
0.0222908
0.287361
1.30545
0.0485252
0.110134
1.21591
0.0497366
0.0421474
1.21362
0.427666
0.397952
1.1755
0.45567
0.331295
1.18895
0.451281
0.182181
1.16584
0.450104
0.112655
1.15422
0.161493
0.20848
1.18451
0.078361
-0.0245183
1.27105
0.278779
-0.0183918
1.28394
0.197055
0.00213145
1.26545
0.300818
0.203022
1.19804
0.417965
-0.0214367
1.12784
0.613075
0.0203645
1.25039
0.693361
0.0413142
1.2438


0.200416
0.28149
1.14552
0.193882
0.307205
1.14545
0.15995
0.428189
1.11195
0.0837451
0.510158
1.03812
0.0185123
0.422717
1.19143
-0.0236385
0.266412
1.29951
0.00399595
0.116834
1.30407
0.0154959
0.0365925
1.27128
0.366872
0.413649
1.12889
0.47392
0.331268
1.15307
0.450884
0.175688
1.14881
0.447595
0.110278
1.13804
0.154232
0.205482
1.16143
0.0855146
-0.0325596
1.24628
0.0519967
0.00175911
1.36432
0.0497781
0.0574968
1.33168
0.29977
0.207682
1.17463
0.415476
-0.0208237
1.10946
0.588994
0.0191686
1.22288
0.672421
0.0340719
1.23414


0.202436
0.266445
1.10414
0.185501
0.294125
1.10118
0.124422
0.427074
1.07273
0.0388746
0.508504
0.999479
0.0548759
0.384627
1.1121
0.00645082
0.278611
1.27124
0.0160861
0.0950342
1.24778
0.0197924
0.0168484
1.23063
0.35277
0.41575
1.10227
0.509766
0.299473
1.12167
0.450399
0.152466
1.11797
0.447173
0.0888621
1.10622
0.173916
0.187601
1.11596
0.119267
-0.059052
1.18653
-0.00370491
0.0447562
1.35217
0.064644
0.0596068
1.31529
0.312354
0.199789
1.13734
0.436686
-0.0189684
1.06503
0.594295
0.0177061
1.17996
0.677414
0.0262644
1.17015


0.198829
0.263818
1.08481
0.179293
0.291259
1.0804
0.113703
0.419228
1.04931
0.0149834
0.505012
0.974621
-0.0110385
0.394823
1.11373
-0.0303023
0.253013
1.23611
0.00105986
0.086743
1.22729
0.0133251
0.00977366
1.21827
0.337194
0.400307
1.05692
0.519732
0.261574
1.08278
0.484046
0.117513
1.08211
0.47033
0.0553035
1.06991
0.174735
0.181654
1.09691
0.070531
-0.0320474
1.18402
-0.119554
0.0659539
1.37633
-0.026534
0.0675274
1.31642
0.316049
0.197623
1.11963
0.425922
-0.0237314
1.02325
0.58773
-0.0255553
1.10365
0.658807
-0.0419472
1.07814


0.197213
0.27313
1.05785
0.177587
0.29625
1.05456
0.106586
0.407618
1.01769
0.0048144
0.49684
0.949935
-0.023277
0.392146
1.10424
-0.0425158
0.233035
1.18855
-0.0205701
0.0745917
1.17818
-0.0107863
0.0151781
1.15527
0.426123
0.369378
1.05249
0.529115
0.215896
1.05524
0.506919
0.0709576
1.04511
0.486495
0.0156407
1.03409
0.175042
0.179113
1.08485
0.0309788
-0.00498924
1.18677
0.0724065
0.0414114
1.0733
0.0882147
0.0288104
1.01062
0.339029
0.201953
1.08413
0.416079
-0.0301786
0.996916
0.582279
-0.0506582
1.06488
0.643165
-0.08886
1.01994


0.201154
0.275985
1.03563
0.183369
0.297009
1.02932
0.104326
0.393685
0.979001
0.00944166
0.48273
0.91963
-0.0198668
0.377208
1.06837
-0.0494215
0.239528
1.1357
-0.0273615
0.0603932
1.10163
-0.0222456
0.0151403
1.06885
0.445865
0.35315
1.02415
0.552655
0.195542
1.01917
0.523569
0.0528394
1.02276
0.497691
-0.000396325
1.01425
0.180725
0.177696
1.06358
0.0150058
0.00737099
1.17332
0.0740848
0.0504245
1.00214
0.10624
0.0244685
0.918918
0.355245
0.202134
1.05993
0.420741
-0.0292214
0.956707
0.59606
-0.0598843
1.01955
0.649823
-0.105222
0.97059


0.182577
0.237185
1.00008
0.165268
0.248312
0.996183
0.0798445
0.280145
0.973093
-0.00636684
0.378409
0.898025
-0.0117345
0.363519
1.03989
-0.0510277
0.232766
1.08297
-0.0364983
0.0705175
1.03781
-0.0251369
0.0265688
0.993702
0.476771
0.330506
1.00512
0.564279
0.185597
1.0047
0.516179
0.0525816
0.978505
0.513372
-0.00560729
0.985732
0.184888
0.170499
1.01872
0.00729635
0.0119374
1.15149
0.140874
0.0321499
0.892374
0.156177
0.00102297
0.807867
0.365611
0.186697
1.0112
0.398317
-0.0503713
0.905694
0.584956
-0.0814024
0.976223
0.63631
-0.127592
0.928341


0.171562
0.203628
0.975273
0.155247
0.210225
0.974003
0.0710917
0.232596
0.959739
-0.0112213
0.322964
0.887246
-0.00604425
0.350443
1.01187
-0.0563833
0.219237
1.02744
-0.00379666
0.0863357
0.953736
-0.0242381
0.044144
0.918437
0.468131
0.296366
0.966603
0.574666
0.229144
0.997656
0.51479
0.0742374
0.95037
0.527057
0.00222151
0.966056
0.182884
0.156443
0.980911
0.00468549
0.00701406
1.12705
0.169013
0.0175432
0.852127
0.170583
-0.0101749
0.777447
0.359254
0.150714
0.974143
0.358122
-0.0755598
0.833283
0.549929
-0.10601
0.906531
0.605268
-0.146603
0.867189


0.168978
0.148598
0.947587
0.150541
0.161044
0.954228
0.0576152
0.232892
0.976116
-0.0184436
0.303658
0.883949
-0.00410331
0.221762
0.974517
-0.0601315
0.255333
0.999916
0.045098
0.202908
0.928102
0.0496205
0.158273
0.883344
0.380395
0.274825
0.912412
0.525773
0.260058
0.959679
0.509427
0.0858933
0.929667
0.533674
0.00937788
0.94968
0.175019
0.0829226
0.926717
0.000951761
0.00861093
1.11884
0.167786
0.0199825
0.871077
0.143177
0.0611599
0.8904
0.322886
0.117016
0.93607
0.359036
-0.0887772
0.799234
0.551604
-0.118014
0.875201
0.612043
-0.147515
0.839865


0.170679
0.0990365
0.922606
0.150962
0.115886
0.933315
0.0512316
0.202366
0.960726
-0.0230368
0.288592
0.877946
0.00934205
0.156524
0.921733
-0.0718423
0.273573
0.944988
0.0844813
0.243119
0.879364
0.123247
0.231139
0.857734
0.327348
0.229339
0.871188
0.495754
0.192234
0.922664
0.495953
0.0385371
0.890686
0.531002
-0.0272967
0.908982
0.170953
0.0314873
0.898952
-0.00410534
0.0104864
1.11004
0.16243
0.021292
0.858894
0.175471
0.06173
0.888219
0.286591
0.0797883
0.903687
0.413333
-0.111499
0.744771
0.580658
-0.222688
0.684398
0.607025
-0.240885
0.620028


0.189491
0.0327678
0.891218
0.170959
0.0603899
0.903782
0.0810139
0.209237
0.925239
-0.00243168
0.316183
0.89862
0.0309967
0.133378
0.870364
-0.0898165
0.246949
0.904358
0.0935485
0.261431
0.856907
0.140638
0.255308
0.843344
0.227576
0.163073
0.84934
0.416684
0.110738
0.842081
0.403524
0.196684
0.833625
0.418185
0.212138
0.84144
0.188243
-0.0276694
0.885676
-0.0239528
-0.00613464
1.05265
0.148461
0.00927593
0.831988
0.17437
0.0431113
0.892126
0.245912
0.0200137
0.863711
0.454714
-0.134881
0.708536
0.425747
-0.0512992
0.857266
0.490103
-0.0672527
0.880712


0.19917
0.00237265
0.879625
0.180357
0.0360374
0.892855
0.0947662
0.207133
0.907231
-0.00815935
0.300676
0.896176
0.0355653
0.10497
0.848922
-0.0989835
0.227241
0.885457
0.0888482
0.257444
0.852704
0.141298
0.256677
0.84642
0.170716
0.126886
0.846219
0.311109
0.0375229
0.798651
0.362702
0.194627
0.79917
0.402475
0.204443
0.810621
0.197321
-0.0498407
0.895167
-0.0388128
-0.0105821
1.01712
0.124243
0.00550746
0.818177
0.131022
0.0256624
0.811707
0.229621
-0.0080158
0.847449
0.479799
-0.13862
0.692135
0.616912
-0.18691
0.627956
0.643518
-0.193266
0.576865


0.136186
0.167651
0.89316
0.134241
0.169144
0.898744
0.106133
0.210349
0.893699
-0.00864337
0.296984
0.896807
0.0413549
0.099822
0.835546
-0.10268
0.215029
0.874072
0.0314547
0.272548
0.799797
0.0599786
0.290142
0.771942
0.139942
0.105477
0.831384
0.269485
0.00884032
0.778792
0.180858
0.200012
0.803353
0.138248
0.241511
0.815154
0.123859
0.152965
0.979548
-0.0407436
-0.0198225
0.993541
0.116674
0.00973833
0.812974
0.131416
0.0517151
0.80759
0.177202
0.0812668
0.823787
0.480064
0.0693756
0.705944
0.291755
0.150217
0.770321
0.248895
0.179752
0.723722


0
0
0
0
0
0
0
0
0
-0.000573174
0.0864349
0.326006
0.0437959
0.24351
0.835999
-0.101088
0.268264
0.866421
0.0188025
0.273597
0.778917
0.0419981
0.252709
0.749494
0.075949
0.0467204
0.83494
0.183476
-0.0623938
0.778447
0.0983076
0.160286
0.802778
0.0552585
0.255873
0.792649
0
0
0
-0.0184066
0.107498
0.408763
0.121102
0.154201
0.286092
0.123834
0.161498
0.372431
0
0
0
0
0
0
0.0275328
0.114138
0.352984
0.0018006
0.131456
0.400742


