                           Hip Center      Spine      Shoulder Center      Head      Shoulder Left      Elbow Left      Wrist Left   At time 1414671921 Begin frame 0: (0.114558,0.228224,2.07001)     (0.115932,0.259029,2.06525)     (0.122801,0.41305,2.05536)     (0.174394,0.574306,2.02336)     (-0.00366842,0.277987,1.98024)     (-0.099961,0.187573,1.72383)     (-0.0459955,0.286354,1.54875)     (-0.0191607,0.315032,1.49964)     (0.27294,0.330464,2.10587)     (0.285238,0.148616,2.16269)     (0.187833,0.106244,1.9044)     (0.139078,0.12883,1.83843)     (0.0492571,0.147718,2.04445)     (0.163446,0.00830887,1.72454)     (-0.0615984,0.0170919,1.73468)     (-0.0367461,0.01371,1.63132)     (0.173731,0.171333,2.09802)     (-0.147149,0.247824,1.92391)     (0.0390849,0.0611178,1.74281)     (-0.00548483,0.0727281,1.64694)     
End frame 0;
At time 1414671921 Begin frame 1: (0.111936,0.229716,2.06923)     (0.111853,0.260309,2.06696)     (0.113336,0.412547,2.05904)     (0.160517,0.573708,2.02457)     (-0.0119855,0.2814,1.98432)     (-0.0950536,0.203059,1.73809)     (-0.0604388,0.285796,1.56216)     (-0.0415106,0.318237,1.51263)     (0.256247,0.36829,2.09368)     (0.279978,0.159374,2.15437)     (0.189435,0.116121,1.91202)     (0.198784,0.0949087,1.85037)     (0.0483656,0.146835,2.04255)     (0.141845,0.000803456,1.74822)     (-0.0909679,0.00988969,1.76024)     (-0.061607,0.0084248,1.66197)     (0.171619,0.175238,2.09708)     (0.0843855,0.0490247,1.82554)     (0.0972075,-0.0183112,1.59325)     (0.0534829,-0.00257107,1.50371)     
End frame 1;
At time 1414671921 Begin frame 2: (0.103217,0.227183,2.06385)     (0.103197,0.258101,2.06474)     (0.102194,0.411412,2.06205)     (0.129629,0.56775,2.02721)     (-0.0232084,0.283422,1.98925)     (-0.0941625,0.215999,1.75101)     (-0.0710439,0.290735,1.56505)     (-0.0728953,0.329219,1.52085)     (0.238492,0.385275,2.0827)     (0.277358,0.162349,2.15029)     (0.189544,0.118196,1.91341)     (0.204447,0.0899928,1.8501)     (0.0408251,0.142291,2.03485)     (0.120266,-0.00219968,1.74961)     (0.0963818,-0.0705687,1.55794)     (0.0624504,-0.037191,1.47629)     (0.160077,0.175247,2.08561)     (0.113452,0.0118606,1.79604)     (0.114242,-0.0473321,1.54316)     (0.0698142,-0.0268923,1.45717)     
End frame 2;
At time 1414671921 Begin frame 3: (0.0911474,0.221492,2.05682)     (0.0902568,0.252214,2.06229)     (0.0809306,0.406177,2.07124)     (0.102826,0.560021,2.03131)     (-0.0446106,0.284832,2.00374)     (-0.0970554,0.231123,1.77758)     (-0.0897635,0.295174,1.57259)     (-0.0940297,0.335723,1.5257)     (0.221349,0.394821,2.07845)     (0.269441,0.168355,2.14044)     (0.18854,0.12116,1.9141)     (0.217176,0.0864105,1.86324)     (0.0304783,0.134289,2.02468)     (0.116612,-0.00688599,1.75611)     (0.0727064,-0.107888,1.54383)     (0.0436938,-0.0594276,1.47418)     (0.14859,0.173262,2.07301)     (0.121213,-0.0102725,1.78505)     (0.0187909,-0.0903786,1.56452)     (0.0293758,-0.064672,1.46847)     
End frame 3;
At time 1414671921 Begin frame 4: (0.0817452,0.217126,2.05303)     (0.0782896,0.246136,2.06251)     (0.056511,0.394193,2.0824)     (0.0611008,0.542572,2.04143)     (-0.0609246,0.283084,2.0179)     (-0.101508,0.239751,1.80289)     (-0.107831,0.293438,1.58816)     (-0.111536,0.339437,1.52683)     (0.19041,0.395016,2.07718)     (0.263988,0.176002,2.12931)     (0.204406,0.131793,1.90928)     (0.228717,0.0984293,1.85531)     (0.0247965,0.130385,2.02136)     (0.114602,-0.0100662,1.76537)     (0.0579179,-0.109732,1.55189)     (0.0466648,-0.0668814,1.46497)     (0.140467,0.172292,2.06426)     (-0.000548994,0.00324582,1.84099)     (-0.10675,0.100239,1.66422)     (-0.0842471,0.0964246,1.60813)     
End frame 4;
At time 1414671921 Begin frame 5: (0.0600902,0.240036,2.06527)     (0.0583806,0.256138,2.0751)     (0.0401796,0.381888,2.09053)     (0.0362658,0.529687,2.05041)     (-0.0772864,0.27893,2.04145)     (-0.106639,0.24359,1.83436)     (-0.121811,0.283727,1.62038)     (-0.12142,0.339976,1.52761)     (0.168179,0.306451,2.08207)     (0.250847,0.163272,2.11399)     (0.210265,0.129952,1.90509)     (0.211501,0.0680659,1.52258)     (0.0112251,0.173549,2.0394)     (0.159307,0.0682423,1.81996)     (0.135736,-0.0887553,1.63933)     (0.0689519,-0.0434323,1.70019)     (0.131698,0.178639,2.06102)     (-0.0966675,0.0805193,1.92677)     (-0.208631,0.191401,1.73927)     (-0.149468,0.177963,1.72422)     
End frame 5;
At time 1414671921 Begin frame 6: (0.0440843,0.257997,2.08049)     (0.0403744,0.267979,2.09183)     (0.0155617,0.361714,2.10005)     (0.0195794,0.517712,2.05949)     (-0.0863483,0.274797,2.06022)     (-0.107315,0.250589,1.85479)     (-0.124122,0.281968,1.64288)     (-0.126035,0.328791,1.52727)     (0.149249,0.262459,2.08707)     (0.229229,0.141493,2.09638)     (0.21132,0.123014,1.89812)     (0.212145,0.0601962,1.43192)     (0.00216316,0.21205,2.06715)     (0.167549,0.11364,1.85438)     (0.16207,-0.0763837,1.68098)     (0.0828676,-0.0504116,1.71591)     (0.115265,0.200179,2.07828)     (0.0473256,0.0145618,1.89849)     (-0.0814015,0.186729,1.75929)     (-0.0140255,0.0929014,1.74528)     
End frame 6;
At time 1414671921 Begin frame 7: (0.0663945,0.232452,2.09395)     (0.0536879,0.242968,2.10745)     (0.00140882,0.341314,2.1077)     (-0.00247033,0.495057,2.07818)     (-0.0904842,0.240268,2.06778)     (-0.107789,0.243594,1.86342)     (-0.120551,0.271265,1.65471)     (-0.117808,0.299325,1.52251)     (0.140816,0.228875,2.09363)     (0.219835,0.121973,2.08564)     (0.212263,0.112278,1.89197)     (0.208202,0.0550544,1.3677)     (0.04621,0.191771,2.08202)     (0.22759,0.103013,1.89143)     (0.231523,-0.0997265,1.74465)     (0.140655,-0.0767162,1.7685)     (0.146916,0.182917,2.08977)     (0.0413172,0.0019582,1.91458)     (-0.0627731,0.180315,1.77481)     (0.000175729,0.0722138,1.76165)     
End frame 7;
At time 1414671921 Begin frame 8: (0.0454877,0.177621,2.07821)     (0.0342165,0.189962,2.09826)     (-0.00406246,0.300269,2.124)     (-0.014026,0.483048,2.08948)     (-0.0910055,0.221148,2.07018)     (-0.106012,0.227806,1.86214)     (-0.103915,0.240661,1.66355)     (-0.0898245,0.261763,1.51719)     (0.121622,0.175437,2.08932)     (0.220565,0.111656,2.08297)     (0.207833,0.0947208,1.89274)     (0.198757,0.0568856,1.37483)     (0.00986175,0.134996,2.03741)     (0.215615,0.0389625,1.8751)     (0.219595,-0.161714,1.74521)     (0.144554,-0.103387,1.76995)     (0.109866,0.126412,2.07101)     (0.034366,-0.049167,1.87732)     (-0.071798,0.125956,1.74056)     (-0.00847647,0.028143,1.72109)     
End frame 8;
At time 1414671921 Begin frame 9: (0.0333056,0.148438,2.07349)     (0.0239479,0.163452,2.09623)     (-0.00666694,0.283429,2.13046)     (-0.0231245,0.474287,2.10151)     (-0.0899,0.208999,2.07087)     (-0.103736,0.212323,1.85614)     (-0.0711663,0.222277,1.65091)     (-0.0635766,0.234671,1.51209)     (0.114023,0.155952,2.08794)     (0.154663,0.0600425,2.02767)     (0.0996615,0.0394224,1.86456)     (0.0764959,0.0270538,1.71287)     (-0.00153633,0.118014,2.0347)     (0.245118,0.0713511,1.9106)     (0.247129,-0.119693,1.79053)     (0.161229,-0.100662,1.78872)     (0.0936894,0.0989878,2.07279)     (0.033119,-0.0639312,1.86937)     (0.175082,0.118029,1.72378)     (0.124957,0.0447109,1.73701)     
End frame 9;
At time 1414671921 Begin frame 10: (0.000452,0.155629,2.05671)     (-0.00489089,0.17579,2.08236)     (-0.0310342,0.322416,2.11863)     (-0.029044,0.480917,2.11217)     (-0.123594,0.305443,2.15683)     (-0.1188,0.18627,1.98127)     (-0.0762947,0.196094,1.76822)     (-0.0223937,0.207306,1.50326)     (0.102729,0.192824,2.10403)     (0.0736495,0.0610803,1.98077)     (-0.0325673,0.113778,1.81129)     (-0.109227,0.157406,1.70157)     (-0.043276,0.123611,2.02258)     (0.155125,0.00753088,1.88747)     (0.205991,-0.0265457,1.63977)     (0.176594,0.00892842,1.53682)     (0.0617501,0.0934409,2.04616)     (0.0393882,-0.0522102,1.80301)     (0.183186,0.0519531,1.54139)     (0.173414,0.0606605,1.47419)     
End frame 10;
At time 1414671921 Begin frame 11: (-0.0138817,0.162354,2.04845)     (-0.0169327,0.184473,2.07574)     (-0.0424693,0.340276,2.11877)     (-0.0332733,0.487394,2.12185)     (-0.134656,0.33004,2.18473)     (-0.122031,0.174325,2.03009)     (-0.0736707,0.176297,1.81602)     (-0.00372793,0.1941,1.50168)     (0.0855787,0.20299,2.10144)     (0.104448,0.17099,1.88426)     (-0.0746627,0.168598,1.76013)     (-0.114381,0.180177,1.80056)     (-0.0611871,0.136607,2.01494)     (0.116609,0.120289,1.70132)     (0.177958,-0.0152797,1.56851)     (0.170498,-0.0136933,1.48867)     (0.0491662,0.0923747,2.03468)     (0.0454614,-0.0438319,1.75719)     (0.173134,0.0434834,1.55232)     (0.169884,0.069519,1.48272)     
End frame 11;
At time 1414671921 Begin frame 12: (-0.025608,0.190708,2.05384)     (-0.0246346,0.208943,2.08104)     (-0.0443164,0.356142,2.12173)     (-0.0454778,0.498435,2.13209)     (-0.140985,0.347456,2.20005)     (-0.124212,0.168235,2.05381)     (-0.082428,0.16993,1.83691)     (-0.0519265,0.180518,1.71228)     (0.0799999,0.210152,2.10163)     (0.101124,0.195157,1.85321)     (-0.0816839,0.199783,1.74453)     (-0.127097,0.201863,1.75365)     (-0.0795367,0.152827,2.04502)     (0.0868122,0.134603,1.69445)     (0.150897,-0.00116472,1.53395)     (0.139555,-0.00844656,1.45487)     (0.0335555,0.118806,2.01246)     (0.0470519,-0.0373541,1.73985)     (0.179971,0.0293751,1.54497)     (0.175517,0.0660452,1.46995)     
End frame 12;
At time 1414671921 Begin frame 13: (-0.0324898,0.22328,2.06592)     (-0.0294899,0.239571,2.09286)     (-0.0453189,0.369224,2.12473)     (-0.0528583,0.508335,2.13814)     (-0.143108,0.354602,2.20317)     (-0.128532,0.16892,2.05415)     (-0.107012,0.175682,1.83524)     (-0.0605453,0.167186,1.75146)     (0.0755704,0.220605,2.10067)     (0.113334,0.231212,1.84194)     (-0.0825525,0.216114,1.74705)     (-0.136168,0.211348,1.76063)     (-0.0857581,0.167524,2.0739)     (0.0818503,0.163516,1.68035)     (0.101472,0.00210951,1.53056)     (0.0945741,-0.00332456,1.45503)     (0.0262617,0.143839,2.00088)     (0.0490487,-0.0353336,1.72682)     (0.237828,-0.0821601,1.5455)     (0.158233,-0.0631088,1.56384)     
End frame 13;
At time 1414671921 Begin frame 14: (-0.0352335,0.237186,2.07087)     (-0.0316872,0.251434,2.09757)     (-0.0467007,0.374758,2.12621)     (-0.0578282,0.513121,2.14248)     (-0.142547,0.356921,2.20039)     (-0.133123,0.170882,2.05189)     (-0.118648,0.17809,1.83631)     (-0.0819119,0.171686,1.78271)     (0.0725279,0.226421,2.09987)     (0.104593,0.26518,1.83469)     (-0.097181,0.228216,1.73573)     (-0.148171,0.212626,1.74481)     (-0.0876381,0.173603,2.08553)     (0.0839832,0.175463,1.67438)     (0.0898272,0.0120918,1.51046)     (0.0913047,0.00402268,1.44355)     (0.0228886,0.158767,1.99188)     (0.0509139,-0.0338728,1.71779)     (0.254622,-0.117062,1.5679)     (0.167252,-0.0936476,1.58317)     
End frame 14;
At time 1414671921 Begin frame 15: (-0.0364036,0.243299,2.07279)     (-0.0329362,0.257039,2.09979)     (-0.0466928,0.378192,2.1276)     (-0.0610217,0.516738,2.14523)     (-0.135371,0.353611,2.19136)     (-0.134785,0.171649,2.04971)     (-0.133027,0.190547,1.82981)     (-0.0977132,0.181569,1.79126)     (0.0680961,0.28634,2.12449)     (0.0989015,0.299478,1.88539)     (-0.0713468,0.241211,1.75628)     (-0.12225,0.22127,1.74632)     (-0.0812711,0.179494,2.08462)     (0.087724,0.186921,1.66182)     (0.167768,0.0839756,1.48753)     (0.174116,0.0978179,1.41135)     (0.019973,0.180848,2.01079)     (0.0523586,-0.0327942,1.71216)     (0.263386,-0.128918,1.58953)     (0.163443,-0.114723,1.61593)     
End frame 15;
At time 1414671921 Begin frame 16: (-0.0352268,0.246097,2.07403)     (-0.0324244,0.259841,2.10152)     (-0.0420906,0.380782,2.1294)     (-0.0629573,0.519119,2.14693)     (-0.122129,0.354369,2.18273)     (-0.134462,0.178413,2.04557)     (-0.112969,0.185868,1.83038)     (-0.00261087,0.163368,1.56478)     (0.0695568,0.321975,2.13924)     (0.0999279,0.323964,1.90681)     (-0.0596663,0.251495,1.77934)     (-0.115704,0.226919,1.75097)     (-0.0740319,0.183702,2.08028)     (0.0911687,0.198633,1.66212)     (0.133653,0.0928224,1.47484)     (0.129161,0.106747,1.40294)     (0.0189434,0.190508,2.02098)     (0.0532001,-0.0319106,1.70951)     (0.270263,-0.0946859,1.63661)     (0.166225,-0.114085,1.64194)     
End frame 16;
At time 1414671921 Begin frame 17: (-0.0193751,0.253687,2.07424)     (-0.0162737,0.272236,2.10297)     (-0.0100439,0.416418,2.1295)     (-0.0486086,0.549099,2.14056)     (-0.0902466,0.394321,2.1514)     (-0.123573,0.216159,2.04271)     (-0.0940054,0.196491,1.83639)     (-0.0417466,0.198063,1.76369)     (0.0861123,0.360594,2.14294)     (0.106815,0.338973,1.92287)     (-0.037192,0.258119,1.80207)     (-0.0771021,0.263768,1.78887)     (-0.0479099,0.214014,2.06116)     (0.103264,0.208573,1.6644)     (0.154361,0.135728,1.46107)     (0.15894,0.153789,1.39103)     (0.0329406,0.208186,2.04978)     (0.053397,-0.0296155,1.71542)     (0.268236,-0.0307013,1.6819)     (0.173772,-0.0769439,1.67161)     
End frame 17;
At time 1414671921 Begin frame 18: (6.47167e-005,0.260792,2.07404)     (-0.000179337,0.282487,2.1037)     (0.0143266,0.44843,2.1269)     (-0.0354565,0.576006,2.13403)     (-0.0683577,0.425758,2.12789)     (-0.129542,0.29966,2.15523)     (-0.0987917,0.257036,1.95729)     (-0.063297,0.262828,1.92318)     (0.098508,0.386263,2.14274)     (0.107841,0.383988,1.92977)     (-0.0222355,0.274804,1.81179)     (-0.0274903,0.277005,1.77884)     (-0.0272896,0.229918,2.05223)     (0.110577,0.213749,1.6686)     (0.160404,0.15075,1.457)     (0.171044,0.17167,1.39124)     (0.0440159,0.218186,2.06384)     (0.0389535,-0.00787695,1.76893)     (0.182833,-0.0472625,1.67008)     (0.0749321,-0.0893883,1.64937)     
End frame 18;
At time 1414671921 Begin frame 19: (0.0108506,0.264092,2.07453)     (0.00621867,0.287554,2.10423)     (0.0249778,0.462125,2.12462)     (-0.0256562,0.59197,2.12979)     (-0.054846,0.444724,2.1135)     (-0.117286,0.363674,2.21196)     (-0.0918559,0.309743,2.01841)     (-0.060906,0.320137,1.98788)     (0.0981254,0.42578,2.16193)     (0.104149,0.407179,1.94548)     (0.00763517,0.305707,1.81432)     (0.0278699,0.317143,1.7582)     (-0.0170346,0.237025,2.049)     (0.113385,0.215595,1.67311)     (0.100472,0.131039,1.48054)     (0.115373,0.140395,1.41509)     (0.0511468,0.224279,2.07573)     (0.0270002,0.00763054,1.81255)     (0.129871,-0.0541003,1.6623)     (0.0404953,-0.0937028,1.65069)     
End frame 19;
At time 1414671921 Begin frame 20: (0.0182111,0.265625,2.07519)     (0.0104263,0.290769,2.10465)     (0.0324518,0.470441,2.12286)     (-0.016218,0.602764,2.12684)     (-0.0426764,0.454931,2.10312)     (-0.110282,0.388033,2.23436)     (-0.0883159,0.333941,2.03817)     (-0.0621305,0.336814,2.00099)     (0.0995625,0.439286,2.167)     (0.116948,0.392447,1.97253)     (0.082014,0.381626,1.79993)     (0.109807,0.425371,1.6307)     (-0.0100049,0.2414,2.04778)     (0.116272,0.217425,1.68066)     (0.0834293,0.134252,1.49313)     (0.10722,0.141137,1.42829)     (0.0551929,0.227362,2.08239)     (0.0244861,0.0155192,1.84038)     (0.0917648,-0.0533964,1.65554)     (0.0178267,-0.0968639,1.64444)     
End frame 20;
At time 1414671921 Begin frame 21: (0.0286655,0.265099,2.07669)     (0.018196,0.292558,2.10547)     (0.0465143,0.474753,2.12092)     (0.00113318,0.61007,2.12536)     (-0.0287156,0.458859,2.09489)     (-0.0801946,0.360705,1.96441)     (-0.084717,0.314227,1.77158)     (-0.0775596,0.289983,1.5663)     (0.103603,0.447232,2.17165)     (0.123925,0.393388,1.98224)     (0.127235,0.435702,1.78757)     (0.121774,0.465929,1.60472)     (-0.00163851,0.243361,2.04812)     (0.119071,0.218068,1.68686)     (0.0747774,0.133632,1.49924)     (0.100492,0.133697,1.43919)     (0.0610207,0.226402,2.08811)     (0.025342,0.0250016,1.86935)     (0.070619,-0.0506176,1.66088)     (0.00649266,-0.0982403,1.64166)     
End frame 21;
At time 1414671921 Begin frame 22: (0.0364025,0.263701,2.07823)     (0.0251536,0.292238,2.1066)     (0.0751858,0.455782,2.12402)     (0.0286752,0.588849,2.12077)     (-0.0152448,0.4584,2.08926)     (-0.0675053,0.387206,1.94799)     (-0.0828011,0.34863,1.75938)     (-0.0921746,0.341342,1.56832)     (0.121637,0.432635,2.18005)     (0.142019,0.383094,1.99069)     (0.150571,0.423814,1.78418)     (0.140598,0.434143,1.59833)     (0.00372706,0.24395,2.04879)     (0.11636,0.205977,1.69653)     (0.114151,0.14827,1.50319)     (0.147773,0.149142,1.44411)     (0.0669804,0.222364,2.09195)     (0.0252409,0.0269144,1.87836)     (0.0895984,0.0181613,1.65941)     (0.0484602,-0.0472078,1.65672)     
End frame 22;
At time 1414671921 Begin frame 23: (0.0432299,0.259723,2.07974)     (0.0415939,0.276744,2.10984)     (0.0863397,0.401149,2.13125)     (0.0292111,0.51868,2.10495)     (-0.0547343,0.379181,2.15615)     (-0.0960676,0.328446,1.95447)     (-0.100998,0.340566,1.7566)     (-0.109985,0.36927,1.50203)     (0.136229,0.368314,2.19118)     (0.161709,0.32466,2.00043)     (0.170052,0.359813,1.79519)     (0.159503,0.392645,1.58243)     (0.00623695,0.228805,2.05178)     (0.11354,0.182679,1.70587)     (0.191925,0.107484,1.30695)     (0.205871,0.125101,1.24391)     (0.0770283,0.212749,2.08974)     (0.0266025,0.0245093,1.87754)     (0.0839094,-0.0350667,1.66353)     (0.0392042,-0.060986,1.67327)     
End frame 23;
At time 1414671922 Begin frame 24: (0.0494416,0.252373,2.08032)     (0.051834,0.261056,2.11059)     (0.0669241,0.351415,2.12957)     (0.0296683,0.475534,2.1001)     (-0.0757401,0.287919,2.1157)     (-0.102987,0.296202,1.8682)     (-0.108047,0.350708,1.68371)     (-0.118342,0.400688,1.51304)     (0.133925,0.346745,2.17326)     (0.163615,0.316289,2.00111)     (0.186605,0.335417,1.7865)     (0.186615,0.328916,1.57385)     (0.0108926,0.184508,2.05636)     (0.110266,0.168705,1.70904)     (0.196309,0.0986165,1.26766)     (0.206132,0.119185,1.20448)     (0.104141,0.203119,2.07023)     (0.0258653,0.0255841,1.88222)     (0.0642946,-0.0514716,1.68214)     (0.0376965,-0.0400513,1.71557)     
End frame 24;
At time 1414671922 Begin frame 25: (0.0528261,0.244525,2.07924)     (0.0561432,0.250421,2.10971)     (0.0495517,0.330108,2.12792)     (0.032419,0.462297,2.09743)     (-0.092277,0.236005,2.10237)     (-0.115413,0.276259,1.85342)     (-0.112824,0.355206,1.66535)     (-0.1188,0.43342,1.52697)     (0.14886,0.291381,2.12352)     (0.170672,0.275863,1.95698)     (0.198564,0.26503,1.74869)     (0.209522,0.256092,1.55859)     (0.0113209,0.165792,2.05758)     (0.108208,0.159627,1.70943)     (0.205346,0.0902533,1.23352)     (0.202238,0.111123,1.16788)     (0.117786,0.191758,2.05424)     (0.041495,0.0158718,1.84471)     (0.0730889,-0.0670153,1.66548)     (0.0918751,-0.00369215,1.67583)     
End frame 25;
At time 1414671922 Begin frame 26: (0.0545724,0.235622,2.07541)     (0.0575959,0.241278,2.10661)     (0.0410413,0.321654,2.12578)     (0.0351054,0.460431,2.09512)     (-0.0965586,0.225667,2.09301)     (-0.121547,0.28384,1.8577)     (-0.119467,0.368479,1.66107)     (-0.125515,0.470242,1.53499)     (0.154797,0.269298,2.10093)     (0.17564,0.178892,1.98196)     (0.193029,0.152415,1.78499)     (0.207235,0.180096,1.52566)     (0.0113885,0.156721,2.0563)     (0.121847,0.15319,1.70489)     (0.11511,0.0347376,1.49937)     (0.153259,0.0597664,1.43643)     (0.12342,0.184797,2.04576)     (0.0429895,0.0140523,1.8368)     (0.0752709,-0.0765324,1.65975)     (0.112989,0.0115379,1.65737)     
End frame 26;
At time 1414671922 Begin frame 27: (0.0553151,0.230117,2.07222)     (0.0578434,0.236278,2.1039)     (0.0348221,0.325825,2.11763)     (0.0408711,0.480906,2.08977)     (-0.0913672,0.239109,2.08532)     (-0.122509,0.297976,1.86081)     (-0.124607,0.392635,1.67249)     (-0.129872,0.506774,1.54637)     (0.158475,0.259463,2.0915)     (0.179526,0.120248,1.99883)     (0.186936,0.0848255,1.80361)     (0.196295,0.136131,1.51837)     (0.0104034,0.152175,2.05373)     (0.130791,0.148825,1.69957)     (0.114083,0.0155116,1.4959)     (0.154215,0.0451936,1.4345)     (0.126298,0.180635,2.04082)     (0.0396875,0.00806847,1.83488)     (0.0748678,-0.083499,1.65887)     (0.120799,0.00633324,1.63807)     
End frame 27;
At time 1414671922 Begin frame 28: (0.0558218,0.226767,2.06949)     (0.0576158,0.233503,2.10114)     (0.0341266,0.336445,2.1096)     (0.0466893,0.497218,2.08512)     (-0.0884314,0.241762,2.07677)     (-0.12275,0.309332,1.8651)     (-0.131606,0.413545,1.68978)     (-0.131593,0.524463,1.56444)     (0.164723,0.260705,2.08609)     (0.232904,0.161649,1.97274)     (0.212788,0.114828,1.78411)     (0.193064,0.115207,1.5133)     (0.00845046,0.151963,2.04964)     (0.135245,0.145948,1.69671)     (0.0957033,0.00285049,1.54325)     (0.147094,0.0284496,1.50042)     (0.127446,0.177835,2.03748)     (0.0436655,0.00141866,1.83304)     (0.0807755,-0.0915928,1.65715)     (0.126124,-0.00726988,1.61731)     
End frame 28;
At time 1414671922 Begin frame 29: (0.0570367,0.225094,2.06635)     (0.0577555,0.2332,2.09739)     (0.0411376,0.351403,2.1001)     (0.052725,0.508034,2.08039)     (-0.0801232,0.258322,2.07073)     (-0.120904,0.318539,1.8702)     (-0.129729,0.426916,1.70037)     (-0.132288,0.532899,1.57263)     (0.161152,0.306968,2.1054)     (0.238611,0.182919,1.98516)     (0.212747,0.128517,1.80117)     (0.235447,0.154974,1.73579)     (0.00851772,0.155491,2.04472)     (0.139235,0.144371,1.69375)     (0.088077,-0.00421224,1.56455)     (0.151485,0.0300341,1.5069)     (0.127559,0.1768,2.03525)     (0.0538945,-3.45637e-007,1.82872)     (0.0927273,-0.0944707,1.65264)     (0.134006,-0.0149644,1.59868)     
End frame 29;
At time 1414671922 Begin frame 30: (0.0589567,0.225004,2.06209)     (0.0587781,0.236251,2.09174)     (0.0611206,0.369144,2.08381)     (0.0580835,0.515876,2.07439)     (-0.0718927,0.276861,2.06781)     (-0.117985,0.326009,1.87393)     (-0.126764,0.43366,1.70569)     (-0.129966,0.533906,1.57473)     (0.159955,0.333044,2.11485)     (0.247006,0.196828,1.98748)     (0.215624,0.130648,1.80654)     (0.237652,0.13399,1.7684)     (0.00909645,0.160931,2.03968)     (0.142417,0.143581,1.69112)     (0.0310387,0.00631088,1.44111)     (0.0418121,0.0161507,1.37074)     (0.126565,0.176899,2.03393)     (0.0626749,-0.000533865,1.82641)     (0.103385,-0.0956397,1.64961)     (0.138459,-0.0183163,1.58971)     
End frame 30;
At time 1414671922 Begin frame 31: (0.0623518,0.226129,2.05662)     (0.0614114,0.240131,2.0853)     (0.0754227,0.376683,2.07424)     (0.0644374,0.521142,2.06724)     (-0.067668,0.284864,2.06176)     (-0.115493,0.329055,1.87292)     (-0.11588,0.428292,1.70137)     (-0.115782,0.506572,1.55664)     (0.160511,0.345254,2.11765)     (0.249776,0.206758,1.98948)     (0.216365,0.141947,1.80992)     (0.243472,0.137141,1.80723)     (0.0100552,0.165407,2.03528)     (0.145762,0.141775,1.68892)     (0.0180612,-0.0086616,1.42476)     (-0.00910849,-0.00616779,1.38957)     (0.125777,0.177516,2.03286)     (0.0651336,-0.00123521,1.82552)     (0.107067,-0.0967952,1.64855)     (0.140332,-0.0210002,1.58458)     
End frame 31;
At time 1414671922 Begin frame 32: (0.0650596,0.22745,2.05211)     (0.0630385,0.242863,2.08068)     (0.0786751,0.380653,2.07)     (0.0780479,0.523367,2.05424)     (-0.0649671,0.290073,2.05439)     (-0.108971,0.326257,1.86439)     (-0.0962301,0.401059,1.68192)     (-0.0920073,0.465039,1.52648)     (0.161506,0.351902,2.11857)     (0.251383,0.211653,1.99016)     (0.217076,0.147021,1.81111)     (0.217795,0.136067,1.78433)     (0.0126824,0.169923,2.02989)     (0.148553,0.141028,1.68482)     (0.00716144,-0.00842352,1.39845)     (-0.00607017,-0.000599484,1.32906)     (0.125674,0.178031,2.03181)     (0.066562,-0.00196149,1.82514)     (0.109586,-0.0977676,1.64779)     (0.107723,-0.0363408,1.67281)     
End frame 32;
At time 1414671922 Begin frame 33: (0.068914,0.229859,2.04704)     (0.0652942,0.245807,2.07601)     (0.082417,0.380508,2.06529)     (0.0884402,0.523863,2.04274)     (-0.0587234,0.290166,2.04359)     (-0.0953188,0.30854,1.84693)     (-0.0722476,0.362511,1.66018)     (-0.0613667,0.412308,1.49224)     (0.164221,0.356103,2.11755)     (0.254012,0.214532,1.99122)     (0.221685,0.150889,1.81299)     (0.217219,0.129132,1.82912)     (0.0152723,0.173376,2.02578)     (-0.0181326,0.0186396,1.8088)     (-0.207605,-0.0634329,1.74196)     (-0.18171,-0.0566073,1.66919)     (0.126417,0.180203,2.03006)     (0.066319,-0.00234301,1.82654)     (0.111331,-0.0981766,1.64768)     (0.0992486,-0.0405673,1.69622)     
End frame 33;
At time 1414671922 Begin frame 34: (0.0721526,0.234509,2.04074)     (0.0663167,0.254182,2.06696)     (0.0801703,0.38678,2.05045)     (0.100504,0.523693,2.02604)     (-0.0568185,0.306003,2.01966)     (-0.0839061,0.296394,1.82099)     (-0.0506286,0.325351,1.628)     (-0.0311724,0.351678,1.45725)     (0.167652,0.357769,2.1143)     (0.240403,0.229913,2.01186)     (0.24448,0.126819,1.91537)     (0.232057,0.110468,1.89024)     (0.0176416,0.177577,2.02217)     (-0.0725333,-0.0248761,1.85375)     (-0.262169,-0.0775009,1.80133)     (-0.233368,-0.0748926,1.72568)     (0.127211,0.183125,2.02827)     (0.058107,0.000638595,1.82816)     (0.109628,-0.0961815,1.64787)     (0.101279,-0.0714342,1.64831)     
End frame 34;
At time 1414671922 Begin frame 35: (0.0830799,0.236793,2.02296)     (0.0754802,0.261841,2.04435)     (0.0854395,0.402151,2.01777)     (0.123337,0.529826,2.00323)     (-0.0488179,0.305508,2.00521)     (-0.0640768,0.274429,1.80146)     (-0.0261967,0.278011,1.60631)     (-0.0015912,0.280166,1.42526)     (0.176331,0.356477,2.10238)     (0.247849,0.231887,2.01744)     (0.244433,0.107966,1.95787)     (0.250691,0.0879425,1.95102)     (0.028631,0.179202,2.00722)     (-0.0852405,-0.0526816,1.86994)     (-0.26254,-0.0975453,1.83213)     (-0.193344,-0.0911796,1.81181)     (0.13149,0.185028,2.02484)     (0.051467,0.00339524,1.83078)     (0.106971,-0.0934681,1.64916)     (0.10243,-0.0854396,1.62634)     
End frame 35;
At time 1414671922 Begin frame 36: (0.0919388,0.23939,2.00866)     (0.0835834,0.266713,2.02737)     (0.0885079,0.406974,2.00179)     (0.131718,0.531111,1.9891)     (-0.051839,0.309498,1.97054)     (-0.0619169,0.2541,1.77328)     (-0.0216915,0.230853,1.57753)     (0.0204252,0.215155,1.38078)     (0.192291,0.379197,2.06499)     (0.253731,0.235184,2.02136)     (0.252015,0.101508,1.97964)     (0.260397,0.072589,1.97131)     (0.0379672,0.178915,1.9932)     (-0.0427516,-0.0701711,1.85957)     (-0.272621,-0.0633137,1.9628)     (-0.196028,-0.0684045,1.93511)     (0.141127,0.187214,2.0184)     (0.0494742,0.00503253,1.83126)     (0.10609,-0.0912164,1.64937)     (0.106401,-0.0922619,1.60848)     
End frame 36;
At time 1414671922 Begin frame 37: (0.100276,0.238145,1.99577)     (0.0909132,0.266188,2.01343)     (0.091711,0.407448,1.99187)     (0.136615,0.531762,1.974)     (-0.0279369,0.318505,1.96035)     (-0.0547484,0.248074,1.76731)     (-0.0101342,0.205489,1.57656)     (0.0443742,0.149919,1.34686)     (0.197562,0.375556,2.05278)     (0.261246,0.231711,2.01872)     (0.260732,0.0919034,1.9876)     (0.274149,0.051214,1.97392)     (0.0493835,0.178309,1.97947)     (0.0648658,-0.0495618,1.8205)     (-0.0708615,-0.103694,1.72718)     (0.00336767,-0.0679293,1.73841)     (0.149409,0.187483,2.00975)     (0.0525922,0.00346292,1.83071)     (0.111627,-0.0945275,1.65252)     (0.125262,-0.106678,1.5979)     
End frame 37;
At time 1414671922 Begin frame 38: (0.110325,0.241274,1.98166)     (0.100554,0.267916,1.99939)     (0.0953593,0.405735,1.98231)     (0.140549,0.534545,1.95309)     (-0.0214622,0.323388,1.94836)     (-0.051269,0.242091,1.76128)     (-0.0284644,0.166774,1.57645)     (-0.0144495,0.150408,1.50778)     (0.210997,0.393065,2.01926)     (0.266007,0.230225,2.01355)     (0.268441,0.0871218,1.98748)     (0.281559,0.0423003,1.97373)     (0.062709,0.179789,1.9632)     (0.0891758,-0.0629913,1.81842)     (0.140953,-0.10209,1.7045)     (0.0994029,-0.0739789,1.75764)     (0.164735,0.192397,1.99627)     (0.0452252,-0.0101751,1.79927)     (0.152115,-0.0947847,1.66089)     (0.124172,-0.100807,1.62907)     
End frame 38;
At time 1414671922 Begin frame 39: (0.125182,0.256321,1.96274)     (0.115659,0.278541,1.98101)     (0.100025,0.403926,1.96996)     (0.145055,0.539867,1.92316)     (-0.0161012,0.328495,1.93473)     (-0.0945481,0.242666,1.82817)     (-0.0599329,0.17417,1.65271)     (-0.0354563,0.149802,1.60559)     (0.231553,0.428718,1.97606)     (0.270147,0.246332,1.99646)     (0.277733,0.0926703,1.97661)     (0.291393,0.0462568,1.96303)     (0.0751207,0.184106,1.94728)     (0.110549,-0.0560834,1.80437)     (0.0906857,-0.136148,1.62817)     (0.0826693,-0.132053,1.58128)     (0.194221,0.214315,1.97771)     (0.0421149,-0.0171953,1.7827)     (-0.0305875,0.0688534,1.86376)     (-0.00278007,0.0242881,1.80344)     
End frame 39;
At time 1414671922 Begin frame 40: (0.133098,0.26481,1.94729)     (0.124484,0.287498,1.96153)     (0.109838,0.406261,1.93526)     (0.155371,0.54632,1.89175)     (-0.0087879,0.342309,1.90982)     (-0.104397,0.246072,1.84412)     (-0.0641855,0.16358,1.6727)     (-0.039658,0.121646,1.62764)     (0.239544,0.442111,1.95808)     (0.274591,0.25434,1.98227)     (0.286743,0.0980594,1.96099)     (0.29848,0.0525611,1.94511)     (0.0835712,0.188452,1.92987)     (0.103206,-0.0392131,1.77519)     (0.1248,-0.137108,1.57241)     (0.134076,-0.141677,1.5158)     (0.205292,0.22332,1.96714)     (0.0404737,-0.0181154,1.77898)     (-0.0613003,0.101207,1.90198)     (-0.040277,0.0535916,1.84327)     
End frame 40;
At time 1414671922 Begin frame 41: (0.138223,0.270698,1.9281)     (0.130421,0.29362,1.93916)     (0.115596,0.409263,1.91385)     (0.166453,0.552767,1.86563)     (-0.00136464,0.353465,1.88446)     (-0.0979049,0.262222,1.82259)     (-0.0643977,0.160899,1.67696)     (-0.0428756,0.127783,1.63531)     (0.245509,0.447456,1.94472)     (0.281426,0.256743,1.96814)     (0.296658,0.103932,1.94191)     (0.299334,0.0562308,1.93656)     (0.0887733,0.192825,1.90951)     (0.0728345,-0.0289277,1.75486)     (0.139617,-0.142403,1.54714)     (0.0630951,-0.096204,1.57264)     (0.21037,0.228264,1.95087)     (0.0390264,-0.0191259,1.77578)     (-0.0588097,0.173425,1.91613)     (-0.0191741,0.110595,1.83481)     
End frame 41;
At time 1414671922 Begin frame 42: (0.142202,0.274174,1.9052)     (0.134842,0.298983,1.91042)     (0.123249,0.419019,1.87169)     (0.18065,0.559339,1.83133)     (0.005248,0.359179,1.84602)     (-0.0754598,0.252383,1.76686)     (-0.02997,0.12912,1.62532)     (-0.0306797,0.0872302,1.60033)     (0.251821,0.44645,1.92938)     (0.290457,0.255423,1.94968)     (0.305077,0.108856,1.92456)     (0.32067,0.0724062,1.90611)     (0.0922696,0.19574,1.89091)     (0.0459248,-0.0252718,1.74408)     (0.132574,-0.144143,1.53425)     (0.110954,-0.127143,1.48855)     (0.212566,0.229947,1.93356)     (0.0903227,-0.0138617,1.79445)     (0.187073,0.0849778,1.94868)     (0.177242,0.0385012,1.88074)     
End frame 42;
At time 1414671922 Begin frame 43: (0.144903,0.276086,1.87276)     (0.138071,0.302543,1.87363)     (0.130516,0.425486,1.82993)     (0.192886,0.560573,1.79717)     (0.00928912,0.359265,1.80773)     (-0.0443114,0.237168,1.70213)     (-0.00261494,0.095112,1.5803)     (0.00478593,0.0498277,1.55015)     (0.259766,0.437759,1.90945)     (0.30285,0.250499,1.92924)     (0.318052,0.110143,1.90306)     (0.333426,0.0741649,1.89108)     (0.0932952,0.198247,1.86317)     (0.0275277,-0.0242076,1.73833)     (0.116946,-0.147207,1.53919)     (0.113607,-0.137054,1.47928)     (0.212365,0.228546,1.91008)     (0.116581,-0.0122336,1.80197)     (-0.0183498,-0.0422503,1.73214)     (0.0299276,-0.0600715,1.6754)     
End frame 43;
At time 1414671922 Begin frame 44: (0.149914,0.273542,1.84312)     (0.144066,0.301932,1.84118)     (0.143208,0.430481,1.78557)     (0.211408,0.558571,1.7549)     (0.0250577,0.367551,1.76945)     (-0.025582,0.227374,1.66347)     (0.0165243,0.0768693,1.54528)     (0.0206036,0.0309381,1.52289)     (0.271961,0.422882,1.87479)     (0.315988,0.247948,1.90812)     (0.325595,0.11101,1.89033)     (0.338927,0.07504,1.88345)     (0.0969067,0.199727,1.83756)     (0.0132401,-0.0237559,1.73495)     (0.096982,-0.149623,1.55632)     (0.11207,-0.152289,1.48651)     (0.212766,0.222977,1.88327)     (0.126864,-0.0130281,1.80379)     (0.0302607,-0.0907426,1.6771)     (0.0663854,-0.0536223,1.663)     
End frame 44;
At time 1414671922 Begin frame 45: (0.155457,0.269896,1.81098)     (0.150285,0.299012,1.80831)     (0.15055,0.429941,1.7567)     (0.225972,0.554229,1.71408)     (0.0373158,0.371952,1.73827)     (-0.0150418,0.223237,1.63781)     (0.0258671,0.0681439,1.52315)     (0.0348976,0.0203521,1.48756)     (0.282215,0.411637,1.84444)     (0.328504,0.250077,1.88027)     (0.334745,0.113979,1.87489)     (0.344217,0.0762626,1.87391)     (0.102211,0.200076,1.80294)     (0.00427726,-0.0239498,1.73115)     (0.0854944,-0.155538,1.56984)     (0.110871,-0.169516,1.50032)     (0.214276,0.217366,1.85574)     (0.132353,-0.0144164,1.80219)     (0.0232038,-0.143772,1.60738)     (0.0597746,-0.0846157,1.60147)     
End frame 45;
At time 1414671922 Begin frame 46: (0.167085,0.268265,1.76932)     (0.162881,0.297218,1.76337)     (0.161977,0.422274,1.70434)     (0.236975,0.543583,1.66453)     (0.0523192,0.366327,1.69252)     (-0.000577822,0.218194,1.59523)     (0.0345537,0.0608591,1.48391)     (0.0430927,0.0122561,1.45965)     (0.303296,0.414985,1.78619)     (0.340066,0.255333,1.84506)     (0.344696,0.118587,1.86027)     (0.348234,0.0785362,1.86394)     (0.110744,0.199918,1.77464)     (-0.0277032,0.241577,1.59068)     (-0.0681695,0.0387722,1.6842)     (-0.019893,-0.0131152,1.65463)     (0.222909,0.214761,1.82151)     (0.132003,-0.0138076,1.79278)     (0.0179385,-0.141807,1.60171)     (0.0554711,-0.0864498,1.59745)     
End frame 46;
At time 1414671922 Begin frame 47: (0.181845,0.265738,1.73311)     (0.178194,0.294322,1.72299)     (0.17543,0.414103,1.64837)     (0.244563,0.533509,1.61895)     (0.068387,0.358072,1.64828)     (0.00861866,0.214223,1.55192)     (0.0411186,0.0601173,1.43682)     (0.0503676,0.00973395,1.41862)     (0.32432,0.417702,1.73467)     (0.355105,0.263074,1.80216)     (0.357109,0.127195,1.83857)     (0.35139,0.0817954,1.8482)     (0.129069,0.197305,1.74026)     (-0.0236119,0.256305,1.53313)     (-0.0713136,0.0494704,1.69416)     (-0.0142667,-0.0183903,1.66943)     (0.23694,0.213939,1.79122)     (0.13091,-0.0104582,1.77444)     (0.0124826,-0.141983,1.59952)     (0.0514412,-0.0889768,1.59602)     
End frame 47;
At time 1414671922 Begin frame 48: (0.196818,0.260278,1.69273)     (0.192389,0.287622,1.67932)     (0.182179,0.401686,1.59568)     (0.248759,0.520218,1.56439)     (0.091298,0.349171,1.60077)     (0.0230541,0.210776,1.49747)     (0.0473807,0.0587948,1.38992)     (0.0552596,0.00746182,1.37967)     (0.34385,0.415025,1.67836)     (0.364901,0.269624,1.76001)     (0.368211,0.113676,1.81387)     (0.380384,0.0771614,1.80618)     (0.148714,0.192458,1.70136)     (-0.00251378,0.211064,1.48019)     (-0.0471153,0.0543924,1.70495)     (-0.00940146,-0.0127223,1.6879)     (0.253101,0.213262,1.75884)     (0.132135,-0.00818344,1.75731)     (0.00337715,-0.163837,1.57248)     (0.0450242,-0.0957909,1.59427)     
End frame 48;
At time 1414671922 Begin frame 49: (0.209178,0.251969,1.64906)     (0.202434,0.278456,1.63365)     (0.181679,0.389964,1.54042)     (0.255654,0.498762,1.50976)     (0.105644,0.332269,1.54608)     (0.0368158,0.219499,1.45122)     (0.05458,0.0713757,1.33585)     (0.0610635,0.0197324,1.31601)     (0.358151,0.405937,1.63766)     (0.380674,0.271866,1.72273)     (0.382555,0.120563,1.7801)     (0.398248,0.076631,1.76456)     (0.164928,0.184802,1.66302)     (0.0312529,0.182328,1.4147)     (-0.0210951,0.0649226,1.67282)     (0.000219332,-0.0119685,1.6854)     (0.272153,0.210062,1.71579)     (0.133284,-0.0049131,1.7246)     (-0.00872276,-0.153248,1.59313)     (0.0399212,-0.0953007,1.60102)     
End frame 49;
At time 1414671922 Begin frame 50: (0.22343,0.247006,1.60177)     (0.214264,0.271804,1.58482)     (0.181744,0.376913,1.48561)     (0.2598,0.484423,1.45276)     (0.116706,0.319916,1.48668)     (0.0556767,0.221999,1.39094)     (0.065135,0.084644,1.27848)     (0.0683618,0.034379,1.25731)     (0.373046,0.389719,1.58907)     (0.395211,0.27046,1.67659)     (0.392325,0.127442,1.75451)     (0.412292,0.0806986,1.72543)     (0.178835,0.177807,1.62323)     (0.0518793,0.175461,1.34561)     (0.00312399,0.0702466,1.62357)     (0.00825901,-0.00295021,1.66913)     (0.29846,0.215206,1.66838)     (0.34126,0.0543913,1.83339)     (0.103512,-0.0813774,1.69973)     (0.0818301,-0.0747265,1.66231)     
End frame 50;
At time 1414671922 Begin frame 51: (0.234055,0.238336,1.55403)     (0.222637,0.261887,1.5358)     (0.179515,0.363717,1.4317)     (0.263922,0.464826,1.39731)     (0.130153,0.302467,1.42141)     (0.0690769,0.202569,1.31975)     (0.0774228,0.0915104,1.21533)     (0.0791944,0.0495618,1.19465)     (0.38207,0.370442,1.53559)     (0.409289,0.26847,1.62617)     (0.408818,0.10875,1.70705)     (0.426942,0.0695643,1.67481)     (0.190946,0.169617,1.57324)     (0.0764341,0.148558,1.27139)     (0.0269603,0.0754903,1.56363)     (0.0219187,0.00625586,1.6272)     (0.317418,0.2138,1.62188)     (0.382242,0.0762528,1.82964)     (0.15128,-0.0325676,1.73769)     (0.129,-0.0648366,1.67992)     
End frame 51;
At time 1414671922 Begin frame 52: (0.239455,0.231862,1.50246)     (0.227029,0.254491,1.48387)     (0.1778,0.353631,1.37891)     (0.265471,0.450677,1.34102)     (0.134763,0.286935,1.36269)     (0.0816856,0.185448,1.2511)     (0.0911802,0.0912465,1.15046)     (0.0946463,0.0548619,1.11526)     (0.384739,0.354979,1.46923)     (0.416838,0.264794,1.59453)     (0.417217,0.0988903,1.68039)     (0.432599,0.0641261,1.65167)     (0.196552,0.164071,1.52307)     (0.096823,0.126487,1.21425)     (0.0542744,0.0679476,1.48513)     (0.0420428,0.00603277,1.55772)     (0.327999,0.211529,1.56863)     (0.403194,0.0966946,1.81085)     (0.172936,-0.00427974,1.7445)     (0.124423,-0.0392213,1.66168)     
End frame 52;
At time 1414671922 Begin frame 53: (0.249497,0.225672,1.45454)     (0.238807,0.247742,1.43166)     (0.195106,0.342923,1.31323)     (0.27072,0.444341,1.28418)     (0.13875,0.27409,1.3089)     (0.0909662,0.1694,1.19212)     (0.100378,0.0859203,1.08921)     (0.105256,0.0617138,1.05146)     (0.378979,0.338515,1.40175)     (0.426225,0.268103,1.55859)     (0.420245,0.108982,1.65103)     (0.433786,0.0742443,1.62659)     (0.20271,0.159648,1.48181)     (0.110558,0.153762,1.20259)     (0.0710398,0.07567,1.42979)     (0.0558469,0.0130513,1.4941)     (0.333836,0.21149,1.53557)     (0.413291,0.109607,1.78321)     (0.184557,0.0137746,1.73834)     (0.125598,-0.0244378,1.64529)     
End frame 53;
At time 1414671923 Begin frame 54: (0.254068,0.221463,1.42505)     (0.244154,0.243582,1.40046)     (0.20712,0.336944,1.26343)     (0.27245,0.438533,1.23071)     (0.143808,0.264721,1.26084)     (0.100884,0.143371,1.12565)     (0.123955,0.0645215,1.00357)     (0.132872,0.0416693,0.959591)     (0.368614,0.323152,1.3371)     (0.413439,0.245713,1.45839)     (0.414953,0.126916,1.5941)     (0.43158,0.0811135,1.60858)     (0.206309,0.157724,1.44941)     (0.103367,0.168208,1.18713)     (0.0443196,0.101297,1.41398)     (0.0488262,0.0299627,1.44423)     (0.333257,0.209325,1.48799)     (0.433817,0.119349,1.73141)     (0.192789,0.0291376,1.68692)     (0.129638,-0.0113003,1.60218)     
End frame 54;
At time 1414671923 Begin frame 55: (0.253127,0.223895,1.37879)     (0.242708,0.245109,1.35442)     (0.206891,0.334316,1.22491)     (0.272307,0.432294,1.18983)     (0.13853,0.240691,1.19972)     (0.0987019,0.132713,1.08413)     (0.135031,0.0516738,0.947121)     (0.14517,0.0327105,0.911316)     (0.356221,0.315693,1.29591)     (0.397985,0.224675,1.37685)     (0.40732,0.144065,1.544)     (0.423899,0.09313,1.58181)     (0.206325,0.159172,1.40225)     (0.100882,0.178706,1.14896)     (0.0401232,0.116234,1.37049)     (0.0428012,0.0464293,1.40611)     (0.33124,0.216526,1.44831)     (0.43323,0.134244,1.68362)     (0.18759,0.043991,1.62343)     (0.12455,0.000528865,1.55562)     
End frame 55;
At time 1414671923 Begin frame 56: (0.250662,0.230413,1.34741)     (0.240919,0.248317,1.32829)     (0.207189,0.332059,1.20713)     (0.275565,0.423525,1.16049)     (0.132745,0.229833,1.1641)     (0.0952082,0.131967,1.05419)     (0.115085,0.0506406,0.933525)     (0.140949,0.027696,0.883553)     (0.347496,0.310516,1.2732)     (0.387681,0.201935,1.31189)     (0.399218,0.15389,1.49761)     (0.414637,0.102322,1.54215)     (0.202125,0.166391,1.36309)     (0.0910257,0.191339,1.12939)     (0.030176,0.123123,1.34812)     (0.0373497,0.0518159,1.3762)     (0.33139,0.227645,1.42021)     (0.419329,0.149211,1.64007)     (0.184005,0.0563218,1.56282)     (0.151515,0.00737998,1.51505)     
End frame 56;
At time 1414671923 Begin frame 57: (0.248642,0.23575,1.32804)     (0.239297,0.252196,1.31043)     (0.207161,0.330207,1.19388)     (0.27882,0.416309,1.14006)     (0.131593,0.275197,1.16067)     (0.0548482,0.208218,1.07277)     (0.103884,0.112612,0.970804)     (0.130202,0.0660299,0.906035)     (0.343914,0.306979,1.25699)     (0.381313,0.183099,1.25184)     (0.393257,0.161378,1.44488)     (0.407838,0.111154,1.48971)     (0.197406,0.176373,1.33849)     (0.0732837,0.196481,1.08942)     (0.0182542,0.126868,1.31269)     (0.0287863,0.054319,1.33529)     (0.331626,0.232776,1.40376)     (0.414529,0.156407,1.62191)     (0.180328,0.0619792,1.52904)     (0.145537,0.0198872,1.47831)     
End frame 57;
At time 1414671923 Begin frame 58: (0.233444,0.243205,1.30197)     (0.228039,0.259096,1.28834)     (0.206055,0.3307,1.18432)     (0.280563,0.411001,1.12503)     (0.119656,0.296642,1.12753)     (0.0583843,0.204986,1.03092)     (0.105143,0.103601,0.928612)     (0.126366,0.0718155,0.898911)     (0.337801,0.307846,1.26936)     (0.370268,0.20063,1.34028)     (0.398672,0.141776,1.51998)     (0.412324,0.0959335,1.55046)     (0.17299,0.188323,1.30953)     (0.0690849,0.231892,1.06)     (0.0129768,0.144393,1.2825)     (0.0218869,0.0710805,1.29255)     (0.310134,0.226619,1.37395)     (0.347446,0.115201,1.58329)     (0.197077,0.0845461,1.43571)     (0.15012,0.0413847,1.40245)     
End frame 58;
At time 1414671923 Begin frame 59: (0.225672,0.24696,1.28915)     (0.220429,0.263641,1.27555)     (0.202385,0.336332,1.17623)     (0.279138,0.406238,1.11128)     (0.107834,0.309255,1.10786)     (0.0529539,0.215518,1.01476)     (0.0730953,0.111975,0.892093)     (0.0834555,0.0762186,0.855292)     (0.345689,0.325511,1.278)     (0.371838,0.217367,1.36216)     (0.403944,0.14716,1.50964)     (0.413167,0.100367,1.54496)     (0.163926,0.192553,1.29837)     (0.0665305,0.240276,1.04886)     (0.00947053,0.14993,1.27066)     (0.0188677,0.0756161,1.27705)     (0.300301,0.22442,1.36003)     (0.303772,0.0789846,1.54608)     (0.171627,0.079368,1.394)     (0.124574,0.0423642,1.35276)     
End frame 59;
At time 1414671923 Begin frame 60: (0.21716,0.251551,1.2793)     (0.211425,0.269716,1.2652)     (0.195537,0.347185,1.16996)     (0.275631,0.403357,1.09981)     (0.100459,0.324179,1.09651)     (0.0428268,0.248057,0.993895)     (0.0469361,0.140484,0.881956)     (0.0611239,0.0927441,0.846196)     (0.366413,0.371131,1.28004)     (0.392382,0.258219,1.3987)     (0.412056,0.142926,1.51272)     (0.406299,0.120516,1.54828)     (0.157086,0.195567,1.29285)     (0.0634226,0.243682,1.04378)     (0.00262608,0.15165,1.27007)     (0.0139602,0.0831436,1.29411)     (0.288688,0.223091,1.34756)     (0.289687,0.0649884,1.52712)     (0.189451,0.117807,1.35363)     (0.226773,0.0862777,1.4069)     
End frame 60;
At time 1414671923 Begin frame 61: (0.203149,0.275927,1.25185)     (0.196461,0.29555,1.23708)     (0.178393,0.37715,1.14832)     (0.272193,0.406078,1.08518)     (0.0930572,0.363425,1.08603)     (0.0338842,0.267845,0.978835)     (0.029167,0.160738,0.87677)     (0.0412991,0.11029,0.842497)     (0.362748,0.40756,1.26472)     (0.400306,0.296588,1.40249)     (0.415374,0.147164,1.50669)     (0.415456,0.10049,1.55093)     (0.152669,0.222337,1.27013)     (0.0236974,0.0604454,1.22471)     (0.00202371,0.0125237,1.36209)     (0.0466106,0.0255945,1.3621)     (0.271829,0.239755,1.31643)     (0.384006,0.0776135,1.54175)     (0.250298,0.0998864,1.39528)     (0.30235,0.113412,1.44199)     
End frame 61;
At time 1414671923 Begin frame 62: (0.193092,0.286117,1.23867)     (0.185301,0.308132,1.22243)     (0.157442,0.415137,1.12472)     (0.255028,0.429654,1.06194)     (0.0895312,0.378627,1.07988)     (0.0218127,0.285617,0.963057)     (0.00211307,0.18523,0.865098)     (0.01186,0.134686,0.83454)     (0.355598,0.42666,1.25002)     (0.407068,0.321956,1.38714)     (0.423176,0.155545,1.47206)     (0.42569,0.104398,1.5119)     (0.146527,0.23299,1.25816)     (0.0081098,0.0343019,1.23288)     (0.0517065,0.0195346,1.3897)     (0.096732,0.0486829,1.35263)     (0.252993,0.247052,1.29599)     (0.350563,0.0738244,1.47988)     (0.215813,0.0821997,1.34174)     (0.279078,0.0793275,1.40226)     
End frame 62;
At time 1414671923 Begin frame 63: (0.188226,0.291531,1.23155)     (0.180028,0.314822,1.21465)     (0.149927,0.431987,1.11378)     (0.246976,0.44343,1.04908)     (0.0685477,0.389115,1.04838)     (0.00434311,0.300404,0.942004)     (-0.0092158,0.193966,0.858511)     (-0.00164203,0.144345,0.829999)     (0.341243,0.438636,1.22363)     (0.406646,0.340358,1.35948)     (0.422192,0.166002,1.43299)     (0.430887,0.131196,1.4695)     (0.143598,0.238265,1.25189)     (-0.0223107,0.0191796,1.29529)     (0.124923,0.0629931,1.39008)     (0.159711,0.0750574,1.3341)     (0.245649,0.250696,1.28681)     (0.348505,0.060741,1.4272)     (0.192897,0.0639314,1.31669)     (0.271418,0.0690265,1.37992)     
End frame 63;
At time 1414671923 Begin frame 64: (0.18506,0.294948,1.22683)     (0.176799,0.318846,1.20944)     (0.146036,0.441013,1.10702)     (0.242403,0.452491,1.04041)     (0.0818598,0.394183,1.05403)     (-0.00671235,0.318828,0.930452)     (-0.0225911,0.209648,0.85242)     (-0.0181379,0.16116,0.82627)     (0.334759,0.44324,1.20871)     (0.391196,0.339369,1.33585)     (0.419382,0.166753,1.40954)     (0.436332,0.134308,1.41095)     (0.141643,0.24178,1.24757)     (-0.0271165,0.0293962,1.27853)     (0.155328,0.08311,1.37253)     (0.182955,0.083378,1.31416)     (0.24094,0.252998,1.28069)     (0.347056,0.0535369,1.38596)     (0.183482,0.0446505,1.29703)     (0.273478,0.0477229,1.3524)     
End frame 64;
At time 1414671923 Begin frame 65: (0.184912,0.294502,1.22409)     (0.178678,0.317232,1.20689)     (0.180664,0.406316,1.12416)     (0.255999,0.442822,1.04466)     (0.0879132,0.394836,1.05766)     (-0.0129993,0.329507,0.923146)     (-0.0340461,0.222105,0.846333)     (-0.0332515,0.176035,0.821745)     (0.301242,0.436718,1.16755)     (0.363147,0.324713,1.28299)     (0.408695,0.155544,1.34533)     (0.430063,0.116296,1.35103)     (0.142125,0.242074,1.24501)     (-0.0276876,0.0407306,1.23763)     (0.168612,0.102567,1.33133)     (0.194015,0.0920461,1.27623)     (0.238,0.254171,1.27477)     (0.348023,0.0493456,1.35815)     (0.179852,0.0348316,1.27507)     (0.267283,0.0320666,1.3165)     
End frame 65;
At time 1414671923 Begin frame 66: (0.187762,0.283969,1.20309)     (0.183632,0.310715,1.19056)     (0.189823,0.419846,1.10688)     (0.263214,0.449169,1.03657)     (0.0912164,0.391611,1.06188)     (-0.0171126,0.335825,0.918182)     (-0.0434419,0.23189,0.839391)     (-0.0524681,0.195869,0.811492)     (0.286281,0.4324,1.14843)     (0.354298,0.310891,1.24595)     (0.409121,0.15254,1.2916)     (0.430417,0.104658,1.29684)     (0.141439,0.227817,1.21541)     (0.00352797,0.0333848,1.1224)     (0.190244,0.10335,1.22036)     (0.213583,0.0841038,1.16636)     (0.23784,0.246311,1.23576)     (0.40754,0.0433612,1.33275)     (0.236388,0.052221,1.25312)     (0.311116,0.0350468,1.28378)     
End frame 66;
At time 1414671923 Begin frame 67: (0.19131,0.277176,1.19227)     (0.1885,0.305301,1.1803)     (0.196645,0.423123,1.09852)     (0.268333,0.453336,1.03025)     (0.0917996,0.387222,1.06386)     (-0.0201519,0.339898,0.91427)     (-0.0531029,0.24023,0.829371)     (-0.0683343,0.210538,0.798322)     (0.279211,0.42919,1.13719)     (0.352978,0.30867,1.23158)     (0.415132,0.145341,1.25691)     (0.437115,0.0898745,1.24701)     (0.145122,0.220032,1.20377)     (0.0450294,0.0381946,1.05378)     (0.232841,0.106242,1.11901)     (0.24945,0.0768881,1.06577)     (0.239856,0.242499,1.21965)     (0.429034,0.0411779,1.31305)     (0.27296,0.0374115,1.20795)     (0.350605,0.0283656,1.2312)     
End frame 67;
At time 1414671923 Begin frame 68: (0.190317,0.255539,1.15959)     (0.19042,0.285751,1.14779)     (0.201157,0.423174,1.08383)     (0.273091,0.455326,1.02084)     (0.0904047,0.37989,1.06148)     (-0.0233386,0.340516,0.908594)     (-0.0625327,0.244575,0.817427)     (-0.0775673,0.217202,0.79036)     (0.260511,0.406457,1.10267)     (0.356099,0.300826,1.19504)     (0.423683,0.134703,1.20103)     (0.440321,0.0762312,1.18671)     (0.141795,0.203177,1.16656)     (0.0777531,0.0305357,0.977168)     (0.248781,0.0933,1.06005)     (0.271883,0.0733441,1.01702)     (0.235087,0.2249,1.18132)     (0.421546,0.0526319,1.26807)     (0.287463,-0.014451,1.15616)     (0.35765,0.00578057,1.18672)     
End frame 68;
At time 1414671923 Begin frame 69: (0.191218,0.236088,1.12277)     (0.193319,0.266921,1.11174)     (0.20737,0.413352,1.05455)     (0.280689,0.45151,1.00181)     (0.0863141,0.368634,1.04667)     (-0.0291226,0.335597,0.895524)     (-0.0723199,0.242295,0.803494)     (-0.0858727,0.218676,0.781712)     (0.251208,0.389359,1.07666)     (0.370019,0.293068,1.15383)     (0.430431,0.126198,1.13241)     (0.442162,0.0668164,1.12292)     (0.140263,0.190889,1.13772)     (0.0872875,0.0226259,0.949388)     (0.255877,0.0853383,1.02866)     (0.283023,0.0726219,0.992128)     (0.234873,0.206858,1.13369)     (0.411749,0.0597527,1.2259)     (0.32787,-0.0843575,1.12719)     (0.365009,-0.0133248,1.1611)     
End frame 69;
At time 1414671923 Begin frame 70: (0.188862,0.215026,1.07109)     (0.191912,0.245457,1.06137)     (0.206581,0.395683,1.01461)     (0.285341,0.438435,0.966828)     (0.0821681,0.356086,1.0195)     (-0.0370885,0.327998,0.877549)     (-0.0783361,0.238544,0.795748)     (-0.092946,0.212962,0.774079)     (0.247574,0.366224,1.03242)     (0.386133,0.29935,1.11069)     (0.428435,0.130608,1.056)     (0.435603,0.0811206,1.04893)     (0.139268,0.17255,1.08417)     (0.0952736,0.00991216,0.91346)     (0.25175,0.0606093,1.00031)     (0.289457,0.0717936,0.975486)     (0.229908,0.185514,1.07912)     (0.419332,0.068076,1.20492)     (0.316679,-0.0407859,1.10066)     (0.367299,-0.0160525,1.129)     
End frame 70;
At time 1414671923 Begin frame 71: (0.198447,0.229278,1.01567)     (0.199499,0.253766,1.0071)     (0.204472,0.376674,0.968295)     (0.287741,0.41994,0.919193)     (0.0822899,0.341621,0.980112)     (-0.0478742,0.318817,0.856651)     (-0.07946,0.224339,0.793076)     (-0.0903657,0.188392,0.776047)     (0.371534,0.371106,1.08728)     (0.40989,0.271496,1.05144)     (0.422042,0.133054,0.975493)     (0.430837,0.0954933,0.959882)     (0.139277,0.167166,1.04974)     (0.191784,-0.0139606,0.915337)     (0.342611,0.0319411,1.00068)     (0.345789,0.071552,0.976919)     (0.256199,0.182656,1.03193)     (0.373169,0.0120986,1.12032)     (0.332112,0.12925,1.072)     (0.347288,0.0563364,1.07896)     
End frame 71;
At time 1414671923 Begin frame 72: (0.20575,0.237286,0.972313)     (0.204697,0.257399,0.964604)     (0.200593,0.357979,0.921057)     (0.286931,0.400975,0.871027)     (0.0829684,0.324961,0.939921)     (-0.0535201,0.313854,0.845227)     (-0.0795451,0.211675,0.793371)     (-0.0928135,0.179606,0.775415)     (0.394608,0.368799,1.05775)     (0.419842,0.2613,0.987186)     (0.412053,0.146823,0.898)     (0.416338,0.12239,0.884489)     (0.142878,0.161394,1.0074)     (0.242389,-0.0318911,0.909054)     (0.390619,0.0122417,0.99317)     (0.384863,-0.00449416,1.03929)     (0.274443,0.181803,0.996413)     (0.348119,-0.020288,1.05401)     (0.375993,0.153378,1.02668)     (0.363274,0.0816022,1.0342)     
End frame 72;
At time 1414671923 Begin frame 73: (0.208753,0.233818,0.94027)     (0.205874,0.252066,0.93091)     (0.190613,0.341656,0.879228)     (0.280597,0.384722,0.830222)     (0.0866194,0.314694,0.911043)     (-0.0567513,0.310812,0.838022)     (-0.0798902,0.201486,0.795757)     (-0.094502,0.169088,0.778817)     (0.417819,0.367331,1.02973)     (0.421902,0.255747,0.917041)     (0.394809,0.154692,0.82671)     (0.390562,0.128528,0.80773)     (0.147491,0.15427,0.971035)     (0.263254,-0.0425977,0.898344)     (0.303635,-0.00210792,1.03174)     (0.338251,-0.0217345,1.04033)     (0.283746,0.177459,0.973295)     (0.331907,-0.0472585,1.00347)     (0.458523,0.144577,0.994776)     (0.404163,0.0638082,0.993909)     
End frame 73;
At time 1414671923 Begin frame 74: (0.211339,0.222016,0.91477)     (0.207435,0.240668,0.90535)     (0.187969,0.330624,0.854631)     (0.28299,0.370022,0.807866)     (0.0820914,0.301346,0.890475)     (-0.0587939,0.308757,0.832928)     (-0.0809435,0.19442,0.798049)     (-0.0945979,0.157403,0.786374)     (0.383716,0.352302,0.97592)     (0.438998,0.264059,0.885412)     (0.369594,0.21382,0.812269)     (0.377895,0.195493,0.807678)     (0.151755,0.142204,0.941441)     (0.276745,-0.0547986,0.880435)     (0.277685,-0.0207907,1.02816)     (0.34675,-0.0418096,1.03635)     (0.289504,0.166726,0.949396)     (0.312335,-0.0743077,0.955267)     (0.473111,0.12472,0.94301)     (0.412111,0.0332519,0.937397)     
End frame 74;
At time 1414671923 Begin frame 75: (0.206057,0.18386,0.892302)     (0.203584,0.196242,0.886705)     (0.19431,0.254558,0.866864)     (0.268003,0.320943,0.80385)     (0.0917128,0.257927,0.866003)     (-0.0199907,0.322842,0.85503)     (-0.0749498,0.223897,0.808017)     (-0.0758715,0.219078,0.811339)     (0.342336,0.207236,0.939891)     (0.418568,0.286088,0.83851)     (0.329926,0.212747,0.893867)     (0.311313,0.182973,0.920008)     (0.149088,0.127861,0.910688)     (0.283801,-0.0654746,0.860581)     (0.26508,-0.025701,1.02388)     (0.338252,-0.0509368,1.01428)     (0.273659,0.120407,0.914113)     (0.306948,-0.106198,0.925742)     (0.479938,0.0625541,0.883545)     (0.409451,-0.015499,0.881733)     
End frame 75;
At time 1414671923 Begin frame 76: (0.15069,0.136825,0.875702)     (0.142873,0.148688,0.875268)     (0.0981362,0.212553,0.875469)     (0.102096,0.315258,0.830587)     (0.0207097,0.227893,0.9206)     (0.0116402,0.300047,0.840333)     (-0.0748577,0.224274,0.80549)     (-0.0769267,0.208636,0.80828)     (0.25532,0.161972,0.876748)     (0.386641,0.277333,0.79637)     (0.305346,0.212194,0.848771)     (0.280881,0.181646,0.877983)     (0.107314,0.110458,0.870028)     (0.235765,-0.0891295,0.827354)     (0.215146,-0.0350259,1.00294)     (0.287653,-0.0484072,0.97276)     (0.232251,0.0643429,0.889341)     (0.29854,-0.149779,0.879634)     (0.423457,0.0152298,0.837174)     (0.402772,-0.0550716,0.844612)     
End frame 76;
At time 1414671923 Begin frame 77: (0.0995501,0.150351,0.892279)     (0.0878172,0.161964,0.892768)     (0.0265765,0.21949,0.895732)     (0.0128422,0.332689,0.8503)     (0.00589683,0.203106,0.908472)     (0.0383699,0.273834,0.808314)     (-0.0711197,0.213716,0.780549)     (-0.0734869,0.186623,0.781069)     (0.227348,0.151705,0.850288)     (0.333479,0.294726,0.755125)     (0.263606,0.21632,0.845)     (0.234299,0.184066,0.880222)     (0.0836075,0.121336,0.855377)     (0.109622,-0.00994505,1.00942)     (-0.00813011,0.0280265,0.978627)     (0.0594578,0.0216124,0.941997)     (0.190689,0.0982553,0.924009)     (0.291181,-0.164756,0.852198)     (0.405254,0.00277062,0.797113)     (0.398656,-0.0666903,0.820899)     
End frame 77;
At time 1414671923 Begin frame 78: (0.0295398,0.146334,0.758314)     (0.0237556,0.155286,0.786256)     (-0.0116619,0.218408,0.903454)     (-0.0380917,0.335333,0.857974)     (-0.00389831,0.192995,0.909027)     (0.0508277,0.257489,0.7886)     (-0.0231681,0.143056,0.828275)     (-0.0321447,0.0990355,0.85385)     (0.204427,0.119142,0.825019)     (0.314115,0.299255,0.737501)     (0.232199,0.222086,0.838024)     (0.210152,0.188918,0.877975)     (0.0206669,0.130491,0.75681)     (0.0690551,-0.020765,0.927785)     (-0.10988,0.0247011,0.830315)     (-0.0500228,0.0486155,0.836056)     (0.0656364,0.118869,0.64548)     (0.256553,0.188237,0.819232)     (0.341176,0.313534,0.770513)     (0.373215,0.362573,0.802836)     
End frame 78;
At time 1414671923 Begin frame 79: (0,0,0)     (0,0,0)     (-0.0419945,0.194993,0.888104)     (-0.0697079,0.327011,0.854559)     (-0.0190664,0.167087,0.892587)     (0.042294,0.210644,0.745703)     (-0.00232309,0.118989,0.842863)     (-0.0113654,0.0855575,0.880422)     (0.192677,0.105077,0.810654)     (0.288767,0.280488,0.716739)     (0.23744,0.236647,0.843334)     (0.27453,0.223823,0.866608)     (0,0,0)     (0,0,0)     (-0.0568644,0.0446199,0.330898)     (-0.0309053,0.0647875,0.370215)     (0,0,0)     (0,0,0)     (0.0220932,0.0589721,0.293313)     (0.0245384,0.0621688,0.363255)     
End frame 79;
At time 1414671923 Begin frame 80: (0,0,0)     (0,0,0)     (0,0,0)     (-0.0248633,0.0788858,0.290391)     (0,0,0)     (0.00208736,0.0205343,0.230584)     (-0.000606189,0.0428322,0.394607)     (0.00710887,0.0899071,0.397782)     (0,0,0)     (0.0408059,0.109664,0.23928)     (0.0218997,0.138856,0.366311)     (0.0429468,0.160417,0.455495)     (0,0,0)     (0,0,0)     (-0.0747748,0.0708517,0.2075)     (-0.0778086,0.102605,0.283967)     (0,0,0)     (0,0,0)     (-0.0174084,0.0901584,0.235209)     (-0.00817997,0.104262,0.314681)     
End frame 80;
