At time 1414671395 Begin frame 0: (0.253671,0.138839,1.92816)     (0.242179,0.169376,1.94163)     (0.200318,0.332451,1.93496)     (0.232736,0.495054,1.8368)     (0.046058,0.249768,1.89146)     (-0.00979764,0.0958678,1.8135)     (0.162364,0.120785,1.82996)     (0.219751,0.129091,1.83791)     (0.360883,0.269244,1.95301)     (0.419378,0.173682,1.873)     (0.405715,0.152933,1.69179)     (0.409468,0.111055,1.5265)     (0.202086,0.0646001,1.90755)     (-0.00213507,0.00748246,1.66537)     (0.156564,-0.172979,1.64297)     (0.106297,-0.136268,1.57231)     (0.343757,0.0733642,1.93853)     (0.144906,-0.0048842,1.69783)     (0.31855,-0.0365107,1.52003)     (0.248745,-0.0138168,1.46104)     
End frame 0;
At time 1414671395 Begin frame 1: (0.251944,0.141438,1.93066)     (0.240351,0.171038,1.94619)     (0.197282,0.335823,1.95147)     (0.229813,0.499551,1.85611)     (0.041608,0.254684,1.90422)     (-0.0274491,0.104872,1.82934)     (-0.0124859,0.134476,1.70801)     (-0.0314413,0.148448,1.63973)     (0.357112,0.270267,1.96198)     (0.402793,0.167465,1.88318)     (0.389901,0.149433,1.70122)     (0.398602,0.113236,1.52608)     (0.200415,0.0677206,1.90809)     (-0.0236853,0.0227961,1.69626)     (0.144342,-0.143002,1.64653)     (0.0983188,-0.102438,1.57545)     (0.342388,0.0752168,1.93882)     (-0.0328184,0.134833,1.86253)     (0.148161,0.0452271,1.64139)     (0.0763596,0.0793186,1.58188)     
End frame 1;
At time 1414671395 Begin frame 2: (0.242714,0.180474,1.9739)     (0.23213,0.20639,1.98876)     (0.191889,0.346943,1.98468)     (0.224636,0.512958,1.90406)     (0.0300078,0.269659,1.93838)     (-0.0329284,0.112213,1.83825)     (-0.0847641,0.147947,1.66211)     (-0.10346,0.161998,1.5863)     (0.351241,0.271815,1.97723)     (0.377697,0.159967,1.90407)     (0.371225,0.14528,1.71528)     (0.374181,0.113841,1.53413)     (0.192678,0.110364,1.9529)     (-0.0920991,0.20746,1.94705)     (0.0943442,-0.0381164,1.7329)     (0.0475778,0.0120958,1.67036)     (0.335196,0.111913,1.98117)     (-0.0659044,0.1598,1.89436)     (0.127077,0.0576493,1.6715)     (0.0800646,0.0817187,1.59169)     
End frame 2;
At time 1414671395 Begin frame 3: (0.244424,0.160166,2.00809)     (0.232264,0.191326,2.02577)     (0.184986,0.360701,2.0274)     (0.217245,0.527866,1.95782)     (0.0210405,0.278275,1.96596)     (-0.042612,0.12194,1.85011)     (-0.125073,0.155457,1.64105)     (-0.158174,0.171217,1.55159)     (0.336355,0.273889,2.00653)     (0.35112,0.184282,1.90084)     (0.3374,0.154716,1.71266)     (0.338469,0.11432,1.54291)     (0.194515,0.0937994,1.98795)     (-0.0991835,0.165137,1.93807)     (0.0835918,0.00740229,1.78471)     (0.0483847,0.0401956,1.7061)     (0.33496,0.0917049,2.00894)     (-0.0899246,0.178194,1.91624)     (0.18148,0.0577472,1.68564)     (0.127465,0.0825929,1.60908)     
End frame 3;
At time 1414671395 Begin frame 4: (0.16703,0.150755,2.02284)     (0.171096,0.185382,2.04807)     (0.179231,0.371999,2.0623)     (0.207271,0.543024,2.01374)     (0.00721097,0.285952,2.00361)     (-0.0753948,0.178666,1.90263)     (-0.159548,0.199806,1.67249)     (-0.239539,0.242597,1.10722)     (0.325676,0.275144,2.02779)     (0.338166,0.197899,1.9026)     (0.316185,0.16107,1.71485)     (0.309346,0.114959,1.55208)     (0.0832605,0.0852087,1.99642)     (0.00704468,0.142337,1.72131)     (0.175296,0.0400707,1.64136)     (0.139437,0.0606672,1.54007)     (0.224249,0.0807093,2.0075)     (0.116866,0.112503,1.68211)     (0.322866,0.0190996,1.70258)     (0.25938,0.0463558,1.63394)     
End frame 4;
At time 1414671395 Begin frame 5: (0.125164,0.146436,2.02983)     (0.132591,0.180138,2.05749)     (0.172296,0.37896,2.09927)     (0.195254,0.550577,2.0635)     (-0.00349666,0.292101,2.03116)     (-0.0969189,0.209572,1.93652)     (-0.172658,0.223376,1.69806)     (-0.281871,0.264167,0.97523)     (0.314459,0.275327,2.04729)     (0.329017,0.206141,1.90569)     (0.298205,0.164953,1.71691)     (0.27797,0.117123,1.56026)     (0.0401617,0.085036,2.00638)     (0.0122368,0.174212,1.74345)     (0.214212,0.0719101,1.60456)     (0.15981,0.0915167,1.52997)     (0.180738,0.0777969,2.00988)     (-0.135124,0.229602,2.07594)     (0.169026,0.0978923,1.86838)     (0.10089,0.122475,1.79859)     
End frame 5;
At time 1414671395 Begin frame 6: (0.130675,0.17612,2.06282)     (0.130948,0.201323,2.0927)     (0.164842,0.381304,2.13134)     (0.184609,0.55019,2.10206)     (-0.00951299,0.292301,2.048)     (-0.130367,0.24168,1.97565)     (-0.178455,0.245628,1.73544)     (-0.262938,0.266594,0.96154)     (0.301347,0.274932,2.06629)     (0.319691,0.212118,1.91097)     (0.283448,0.166742,1.71944)     (0.261726,0.118833,1.56439)     (0.0627933,0.119043,2.04246)     (0.120608,0.239596,1.74348)     (0.329391,0.141907,1.613)     (0.271528,0.15601,1.55893)     (0.198413,0.115582,2.03139)     (-0.133231,0.248546,2.10529)     (0.139973,0.11537,1.93246)     (0.103114,0.128259,1.84301)     
End frame 6;
At time 1414671395 Begin frame 7: (0.138195,0.202092,2.09611)     (0.140423,0.222051,2.12573)     (0.160182,0.379351,2.15628)     (0.174582,0.541168,2.13488)     (-0.0133142,0.287257,2.06949)     (-0.103582,0.239551,1.92974)     (-0.146574,0.244608,1.70461)     (-0.253192,0.267713,0.957558)     (0.289478,0.272458,2.08135)     (0.298089,0.219255,1.9074)     (0.262725,0.165736,1.70912)     (0.247168,0.12221,1.56558)     (0.0686794,0.144846,2.07351)     (0.190021,0.31459,1.78382)     (0.186773,0.0973138,1.81407)     (0.118327,0.101492,1.7501)     (0.199345,0.142029,2.06269)     (-0.160569,0.265123,2.18226)     (0.119123,0.127603,1.96792)     (0.0786735,0.138131,1.8687)     
End frame 7;
At time 1414671395 Begin frame 8: (0.141806,0.208525,2.11245)     (0.142523,0.226077,2.14184)     (0.157592,0.375013,2.17337)     (0.166528,0.527306,2.1633)     (-0.00430768,0.245298,2.08786)     (-0.0870317,0.231171,1.90182)     (-0.127374,0.239095,1.68517)     (-0.24633,0.268366,0.955694)     (0.262271,0.261732,2.10826)     (0.27117,0.222554,1.91153)     (0.230322,0.171464,1.709)     (0.226655,0.128683,1.56064)     (0.0787819,0.152174,2.08979)     (0.174765,0.315703,1.79925)     (0.181829,0.132005,1.93065)     (0.118953,0.131055,1.86596)     (0.201472,0.154465,2.08603)     (-0.174152,0.276065,2.21359)     (0.102876,0.140767,1.98509)     (0.0631268,0.155052,1.8664)     
End frame 8;
At time 1414671395 Begin frame 9: (0.147663,0.17716,2.13758)     (0.145972,0.196328,2.16827)     (0.14952,0.354318,2.19453)     (0.158142,0.510975,2.18186)     (0.000166448,0.222888,2.10288)     (-0.0783183,0.228245,1.89149)     (-0.117013,0.236839,1.67785)     (-0.238482,0.26892,0.954647)     (0.250494,0.249602,2.12182)     (0.253363,0.221118,1.91503)     (0.220382,0.172216,1.70923)     (0.208418,0.134645,1.5559)     (0.0955502,0.118836,2.11562)     (0.204066,0.321853,1.86399)     (0.0807656,0.100549,2.01131)     (0.0345983,0.0988508,1.89166)     (0.203622,0.130504,2.11591)     (-0.100072,0.173791,2.12131)     (0.0939161,0.163174,1.86065)     (0.0575374,0.171998,1.73206)     
End frame 9;
At time 1414671395 Begin frame 10: (0.151172,0.173822,2.15572)     (0.147952,0.190656,2.18599)     (0.141447,0.340467,2.21315)     (0.135664,0.48513,2.19695)     (-7.35347e-005,0.21306,2.11663)     (-0.0795527,0.226495,1.89681)     (-0.0678652,0.264276,1.70029)     (-0.0279891,0.309802,1.59226)     (0.240776,0.242283,2.13887)     (0.245828,0.190894,1.92703)     (0.200609,0.152182,1.7198)     (0.184813,0.141303,1.55409)     (0.104423,0.116909,2.13299)     (0.322321,0.295086,2.01741)     (0.00348706,0.0843468,2.09487)     (-0.0160014,0.0982215,1.99087)     (0.208324,0.128775,2.13587)     (-0.0883621,0.216851,2.18143)     (0.0251277,0.159595,1.82962)     (-0.00961424,0.170672,1.73508)     
End frame 10;
At time 1414671395 Begin frame 11: (0.152277,0.172448,2.16536)     (0.148523,0.187791,2.19579)     (0.133814,0.327475,2.22596)     (0.123563,0.469187,2.20664)     (-0.00156545,0.205276,2.12724)     (-0.0993662,0.219874,1.91863)     (-0.0577619,0.287261,1.72571)     (-0.0146563,0.331021,1.6416)     (0.237489,0.237383,2.14655)     (0.248511,0.170456,1.93001)     (0.188611,0.142874,1.72353)     (0.162166,0.147226,1.55559)     (0.107444,0.115678,2.14111)     (0.403302,0.255739,2.10882)     (-0.00605533,0.110048,2.13659)     (0.00436564,0.130075,2.02011)     (0.210834,0.128221,2.14672)     (-0.0672006,0.107979,2.08078)     (0.0591525,0.0462421,1.73706)     (0.0180861,0.0742397,1.65014)     
End frame 11;
At time 1414671395 Begin frame 12: (0.131496,0.185919,2.18149)     (0.13811,0.191211,2.20826)     (0.126336,0.316668,2.23407)     (0.117568,0.460502,2.21296)     (-0.0144472,0.214516,2.1685)     (-0.0966395,0.23619,1.95073)     (-0.0576625,0.303795,1.74747)     (-0.0435207,0.357974,1.66274)     (0.235441,0.233821,2.15127)     (0.248907,0.162289,1.9302)     (0.181391,0.142737,1.72411)     (0.136836,0.158828,1.57279)     (0.0733715,0.138051,2.14702)     (0.393574,0.261263,2.13969)     (-0.0570501,0.13243,2.15615)     (-0.0609675,0.145912,2.02179)     (0.204146,0.13024,2.15753)     (-0.0910074,0.169945,2.10539)     (0.0240563,0.073722,1.76541)     (-0.00888669,0.0940339,1.6738)     
End frame 12;
At time 1414671395 Begin frame 13: (0.125255,0.187925,2.18739)     (0.132372,0.192184,2.21443)     (0.116112,0.308679,2.23578)     (0.113753,0.455058,2.2172)     (-0.0198231,0.2123,2.17904)     (-0.121284,0.236055,1.97956)     (-0.0843991,0.323687,1.77712)     (-0.080175,0.387981,1.65955)     (0.233884,0.230599,2.1528)     (0.245067,0.160606,1.92337)     (0.165888,0.162164,1.70946)     (0.124322,0.176477,1.60071)     (0.0563681,0.121498,2.1762)     (0.215066,0.366149,2.14816)     (-0.0810226,0.210819,2.12297)     (-0.074187,0.215442,1.99311)     (0.205506,0.129275,2.14697)     (-0.0784113,0.143231,2.09365)     (-0.138888,0.164533,1.74221)     (-0.153458,0.191929,1.66015)     
End frame 13;
At time 1414671395 Begin frame 14: (0.119536,0.188867,2.18933)     (0.125975,0.192879,2.21678)     (0.101735,0.303603,2.23346)     (0.110948,0.451414,2.22008)     (-0.0240916,0.211113,2.18485)     (-0.130112,0.239763,1.99464)     (-0.113252,0.338678,1.79605)     (-0.102893,0.402188,1.66541)     (0.231471,0.227821,2.15203)     (0.237961,0.170973,1.90975)     (0.155989,0.176828,1.70037)     (0.116317,0.192947,1.62151)     (0.0489083,0.119852,2.18332)     (0.185941,0.4006,2.18044)     (-0.0965991,0.284148,2.11212)     (-0.0998987,0.266852,2.01241)     (0.204192,0.129222,2.13757)     (-0.0835394,0.151488,2.08908)     (-0.180388,0.193962,1.71881)     (-0.190411,0.224108,1.63915)     
End frame 14;
At time 1414671395 Begin frame 15: (0.114395,0.192809,2.19184)     (0.120337,0.195198,2.21943)     (0.0957085,0.299275,2.23403)     (0.108749,0.449645,2.22154)     (-0.0255167,0.219683,2.19089)     (-0.117006,0.272479,1.99092)     (-0.130577,0.359932,1.78809)     (-0.125615,0.413407,1.6732)     (0.230357,0.224462,2.15136)     (0.23529,0.191183,1.90195)     (0.15189,0.247163,1.69858)     (0.119907,0.270528,1.65604)     (0.0379383,0.150645,2.18009)     (0.158821,0.444744,2.17192)     (-0.0735721,0.341257,2.09649)     (-0.0712536,0.31789,1.99588)     (0.196144,0.137315,2.14344)     (-0.100903,0.205886,2.11141)     (-0.096187,0.178766,1.77227)     (-0.10082,0.207061,1.69224)     
End frame 15;
At time 1414671395 Begin frame 16: (0.109566,0.200135,2.19304)     (0.115249,0.200405,2.22132)     (0.0926243,0.297067,2.23502)     (0.102138,0.447057,2.22229)     (-0.0211487,0.236866,2.19872)     (-0.106115,0.291966,1.9921)     (-0.139341,0.368977,1.78859)     (-0.153964,0.426952,1.67109)     (0.230464,0.222542,2.15108)     (0.236289,0.211983,1.90037)     (0.147955,0.260429,1.69727)     (0.115573,0.320853,1.6885)     (0.0339811,0.168103,2.17618)     (0.144966,0.469981,2.16318)     (-0.0668606,0.36667,2.09136)     (-0.06485,0.344912,1.99139)     (0.18125,0.150007,2.14938)     (-0.126601,0.242244,2.11961)     (-0.0889434,0.185473,1.77989)     (-0.0902391,0.217353,1.7012)     
End frame 16;
At time 1414671395 Begin frame 17: (0.109943,0.241881,2.20421)     (0.117979,0.246103,2.23211)     (0.102631,0.331682,2.22894)     (0.0843859,0.474843,2.21047)     (0.00083397,0.281751,2.22078)     (-0.0814326,0.321648,2.00623)     (-0.14379,0.375765,1.79256)     (-0.184534,0.429803,1.64415)     (0.238222,0.238513,2.14492)     (0.240444,0.24766,1.89601)     (0.151363,0.347515,1.71462)     (0.10592,0.404277,1.70444)     (0.0451326,0.207784,2.18714)     (0.202691,0.20328,1.81203)     (0.0601166,0.109314,1.50083)     (0.0320731,0.120429,1.42276)     (0.169903,0.187261,2.17957)     (-0.139274,0.258533,2.12323)     (-0.0769509,0.187115,1.78946)     (-0.0814998,0.2073,1.71012)     
End frame 17;
At time 1414671395 Begin frame 18: (0.125524,0.275245,2.20405)     (0.137081,0.289219,2.23001)     (0.129326,0.39229,2.2129)     (0.0856682,0.524668,2.19645)     (0.0327027,0.355592,2.22817)     (-0.0682475,0.342814,2.01659)     (-0.148105,0.37742,1.79791)     (-0.19882,0.421892,1.63213)     (0.268426,0.299529,2.12413)     (0.238729,0.298662,1.88647)     (0.13888,0.43375,1.73)     (0.104864,0.474873,1.72586)     (0.0696845,0.236592,2.18668)     (0.192646,0.208605,1.76377)     (0.0761677,0.128232,1.43112)     (0.046513,0.132987,1.35256)     (0.174113,0.210559,2.19521)     (-0.137305,0.282963,2.14104)     (-0.0600337,0.199105,1.80358)     (-0.07437,0.20869,1.71898)     
End frame 18;
At time 1414671395 Begin frame 19: (0.136454,0.292486,2.20095)     (0.154281,0.321443,2.22091)     (0.147412,0.464161,2.18993)     (0.0906559,0.596704,2.17347)     (0.0591043,0.412429,2.2215)     (-0.062031,0.352869,2.02037)     (-0.149651,0.375037,1.8015)     (-0.203969,0.410254,1.62424)     (0.288207,0.373409,2.09827)     (0.232694,0.342245,1.87397)     (0.12868,0.49812,1.73892)     (0.110983,0.513291,1.74072)     (0.0892968,0.251022,2.18209)     (0.223965,0.181795,1.71554)     (0.0951659,0.0988407,1.39724)     (0.057616,0.0967972,1.32022)     (0.180702,0.226256,2.20355)     (-0.135033,0.284111,2.14612)     (-0.0536968,0.200223,1.80766)     (-0.0730643,0.200594,1.72235)     
End frame 19;
At time 1414671395 Begin frame 20: (0.142051,0.300757,2.19909)     (0.160193,0.333755,2.21746)     (0.155547,0.497128,2.17911)     (0.0925093,0.623161,2.165)     (0.0738563,0.4392,2.21477)     (-0.0564307,0.359746,2.02231)     (-0.14627,0.340856,1.80752)     (-0.195364,0.388025,1.61923)     (0.295668,0.400266,2.08893)     (0.220979,0.399875,1.86588)     (0.127912,0.53386,1.74477)     (0.11665,0.544429,1.74985)     (0.0988384,0.257284,2.17974)     (0.226683,0.190819,1.71205)     (0.103525,0.0915021,1.35874)     (0.0582281,0.0989633,1.31969)     (0.184291,0.234133,2.20749)     (-0.133819,0.279129,2.15269)     (-0.0503738,0.199151,1.81204)     (-0.0766369,0.188782,1.72938)     
End frame 20;
At time 1414671396 Begin frame 21: (0.14625,0.304564,2.19731)     (0.16383,0.339998,2.21437)     (0.159455,0.510309,2.17528)     (0.0935652,0.63769,2.16064)     (0.0818185,0.449578,2.20824)     (-0.0472682,0.363247,2.02023)     (-0.137227,0.318171,1.80811)     (-0.165618,0.35402,1.61518)     (0.300414,0.414867,2.08396)     (0.219461,0.410151,1.86467)     (0.130795,0.539873,1.74756)     (0.122118,0.553173,1.75254)     (0.105307,0.259153,2.17814)     (0.2256,0.189524,1.70895)     (0.0999402,0.0877604,1.36023)     (0.0548142,0.0960591,1.32055)     (0.187,0.238356,2.20987)     (-0.133281,0.276538,2.15952)     (-0.0496033,0.19917,1.81706)     (-0.0806041,0.186122,1.73759)     
End frame 21;
At time 1414671396 Begin frame 22: (0.149495,0.303869,2.19645)     (0.165054,0.336978,2.21265)     (0.172099,0.478662,2.18942)     (0.1044,0.632994,2.16466)     (0.0862753,0.45157,2.20224)     (-0.00751033,0.327377,2.06729)     (-0.082184,0.305819,1.85209)     (-0.132931,0.321242,1.61331)     (0.30845,0.410917,2.08769)     (0.224593,0.404787,1.87781)     (0.133515,0.54111,1.74955)     (0.127272,0.554099,1.75294)     (0.108839,0.257243,2.17781)     (0.224332,0.188302,1.70908)     (0.0973611,0.0841282,1.36221)     (0.0577995,0.0982356,1.31991)     (0.188934,0.237306,2.21222)     (-0.133611,0.273402,2.16628)     (-0.0521959,0.198877,1.82313)     (-0.0842222,0.187811,1.74565)     
End frame 22;
At time 1414671396 Begin frame 23: (0.150577,0.295449,2.20007)     (0.162531,0.321743,2.21723)     (0.177836,0.454058,2.19971)     (0.115236,0.610884,2.17468)     (0.0884872,0.446429,2.19672)     (0.0156731,0.300228,2.09688)     (-0.0395011,0.294341,1.87858)     (-0.0995113,0.290673,1.61161)     (0.313864,0.387229,2.0988)     (0.226137,0.408197,1.88183)     (0.13776,0.531473,1.75118)     (0.135793,0.53762,1.75155)     (0.106526,0.248689,2.18245)     (0.221737,0.188379,1.71716)     (0.222509,0.0933135,1.47867)     (0.166005,0.0942804,1.40062)     (0.187966,0.225399,2.21918)     (-0.135529,0.269035,2.17682)     (-0.0799801,0.198064,1.83769)     (-0.11711,0.194427,1.76357)     
End frame 23;
At time 1414671396 Begin frame 24: (0.151113,0.284011,2.20609)     (0.161329,0.312497,2.21997)     (0.175002,0.443846,2.20027)     (0.117372,0.604136,2.17589)     (0.0823692,0.412852,2.19462)     (0.0412034,0.262725,2.10828)     (-0.00965014,0.276936,1.88793)     (-0.0680091,0.264415,1.60641)     (0.313078,0.378749,2.10057)     (0.228269,0.395971,1.88189)     (0.145188,0.48048,1.7408)     (0.144446,0.486743,1.73773)     (0.10151,0.233999,2.19119)     (0.223276,0.197407,1.75326)     (0.1365,0.0472614,1.42705)     (0.086159,0.0585798,1.34727)     (0.196607,0.212204,2.23702)     (0.169082,0.0422286,1.85844)     (-0.0620502,0.160885,1.68591)     (-0.0285117,0.115169,1.56342)     
End frame 24;
At time 1414671396 Begin frame 25: (0.150472,0.269206,2.21399)     (0.157979,0.290301,2.2274)     (0.166421,0.391291,2.20859)     (0.11767,0.547807,2.18893)     (0.059619,0.357445,2.20772)     (0.042564,0.229485,2.10284)     (-0.000235184,0.262182,1.88496)     (-0.0548228,0.252818,1.60629)     (0.305305,0.317793,2.11336)     (0.232187,0.359092,1.88947)     (0.15069,0.413617,1.72076)     (0.151451,0.423253,1.71218)     (0.0904847,0.213955,2.2038)     (0.222077,0.200403,1.7759)     (0.143368,0.0402131,1.4407)     (0.0763954,0.0486218,1.35271)     (0.202363,0.198966,2.24663)     (0.204131,0.0123796,1.82535)     (-0.0640813,0.132263,1.61785)     (-0.027384,0.0914209,1.54102)     
End frame 25;
At time 1414671396 Begin frame 26: (0.147254,0.254142,2.22899)     (0.151039,0.257242,2.24776)     (0.159068,0.313946,2.2403)     (0.109334,0.456451,2.21349)     (0.043649,0.278157,2.24442)     (-0.0115499,0.2205,2.06572)     (-0.0181334,0.250799,1.84616)     (-0.0462268,0.246768,1.60686)     (0.29831,0.232978,2.14843)     (0.243216,0.262749,1.91979)     (0.168992,0.324618,1.724)     (0.154197,0.348465,1.68703)     (0.0617553,0.197771,2.22542)     (0.210015,0.196284,1.80478)     (0.12693,0.0345529,1.44364)     (0.0576893,0.0449113,1.35388)     (0.205128,0.191871,2.25109)     (0.221639,0.0188177,1.79342)     (0.0361003,-0.0235426,1.90886)     (0.0689582,-0.0267629,1.85079)     
End frame 26;
At time 1414671396 Begin frame 27: (0.137783,0.221395,2.23387)     (0.140008,0.219261,2.25449)     (0.141094,0.265715,2.26137)     (0.103398,0.401953,2.22835)     (0.0281724,0.23997,2.26272)     (-0.0360513,0.213254,2.04974)     (-0.0229557,0.253137,1.82728)     (-0.0403809,0.256962,1.61147)     (0.285999,0.191369,2.16598)     (0.247277,0.201783,1.93721)     (0.181685,0.247747,1.71995)     (0.153318,0.274137,1.66199)     (0.0618216,0.166907,2.20351)     (0.220714,0.180315,1.80034)     (0.125345,0.0270592,1.44218)     (0.0589935,0.0374752,1.35085)     (0.201786,0.164009,2.23823)     (0.21032,0.00705857,1.76815)     (0.0586044,-0.127414,1.89394)     (0.0966688,-0.115237,1.8016)     
End frame 27;
At time 1414671396 Begin frame 28: (0.129228,0.204661,2.23082)     (0.132343,0.204925,2.25382)     (0.111879,0.27367,2.25235)     (0.100564,0.416753,2.22322)     (-0.00194135,0.210441,2.24929)     (-0.0637462,0.223014,2.02401)     (-0.0436163,0.276538,1.80134)     (-0.0379695,0.306029,1.62052)     (0.270396,0.176753,2.16913)     (0.245484,0.165199,1.93369)     (0.188056,0.185053,1.69895)     (0.150963,0.215939,1.62157)     (0.0599231,0.15005,2.19142)     (0.233191,0.171046,1.78933)     (0.119807,0.0275174,1.45457)     (0.059601,0.043145,1.37859)     (0.196652,0.150913,2.22642)     (0.206899,-0.0684434,1.78899)     (0.117181,0.131278,1.87328)     (0.134306,0.119099,1.77958)     
End frame 28;
At time 1414671396 Begin frame 29: (0.126888,0.190817,2.22132)     (0.128587,0.194697,2.24942)     (0.103093,0.271958,2.25299)     (0.108008,0.414495,2.22426)     (-0.0185878,0.206206,2.22875)     (-0.0989329,0.245474,1.99072)     (-0.0674793,0.313752,1.77137)     (-0.0402921,0.360461,1.6308)     (0.259305,0.172125,2.16982)     (0.242093,0.142355,1.93355)     (0.191512,0.140614,1.69082)     (0.157444,0.156255,1.59074)     (0.0671895,0.132888,2.17248)     (0.258169,0.143293,1.77744)     (0.154869,0.000104335,1.43871)     (0.100943,0.0175127,1.36536)     (0.200329,0.134989,2.19534)     (0.195735,-0.0259253,1.74755)     (0.148341,-0.178026,1.84752)     (0.177953,-0.132784,1.76731)     
End frame 29;
At time 1414671396 Begin frame 30: (0.127221,0.182612,2.21102)     (0.125743,0.188227,2.242)     (0.0979266,0.275897,2.25211)     (0.114695,0.419319,2.22485)     (-0.0405079,0.214764,2.19895)     (-0.109913,0.284203,1.95539)     (-0.078337,0.365651,1.74087)     (-0.0468556,0.426408,1.63853)     (0.222978,0.195207,2.19195)     (0.220544,0.137637,1.95078)     (0.125691,0.13348,1.74099)     (0.0913982,0.13295,1.66414)     (0.0746755,0.124586,2.15713)     (0.256063,0.131463,1.7483)     (0.148427,-0.00348777,1.43569)     (0.0907567,0.0164339,1.35935)     (0.201624,0.129275,2.18256)     (0.188845,-0.0154757,1.73758)     (0.102097,-0.146536,1.90819)     (0.144221,-0.116752,1.82081)     
End frame 30;
At time 1414671396 Begin frame 31: (0.126793,0.179576,2.20185)     (0.123426,0.186271,2.23394)     (0.0983387,0.288444,2.24886)     (0.120144,0.431488,2.22248)     (-0.065555,0.239261,2.16821)     (-0.116012,0.318825,1.92949)     (-0.0842354,0.414969,1.72194)     (-0.0535984,0.482872,1.6469)     (0.207604,0.202358,2.18518)     (0.210128,0.132378,1.95066)     (0.103178,0.112325,1.73115)     (0.0834263,0.095917,1.64389)     (0.0765455,0.121961,2.14833)     (0.0504858,0.130823,1.7069)     (-0.129715,-0.0015658,1.39686)     (-0.110762,0.0108891,1.31122)     (0.19956,0.126942,2.1689)     (0.172979,0.00698447,1.73276)     (0.081836,-0.199132,1.85614)     (0.123918,-0.149162,1.78079)     
End frame 31;
At time 1414671396 Begin frame 32: (0.125787,0.180812,2.19178)     (0.121222,0.18864,2.22423)     (0.100478,0.30278,2.24484)     (0.12373,0.44454,2.21888)     (-0.0756622,0.253266,2.1554)     (-0.114769,0.335501,1.94353)     (-0.0869728,0.448336,1.74241)     (-0.0590863,0.536254,1.65573)     (0.200116,0.208514,2.17645)     (0.200992,0.132781,1.94641)     (0.0877327,0.117329,1.72594)     (0.0111265,0.11157,1.52147)     (0.0758858,0.124984,2.13966)     (0.0059702,0.12742,1.68456)     (0.165497,0.034088,1.58156)     (0.119318,0.0429249,1.4956)     (0.19772,0.126501,2.15994)     (0.164369,0.018032,1.73054)     (0.0716391,-0.2019,1.85631)     (0.119754,-0.155976,1.78136)     
End frame 32;
At time 1414671396 Begin frame 33: (0.122754,0.193352,2.18215)     (0.118756,0.198644,2.2152)     (0.103869,0.314385,2.24137)     (0.125812,0.460627,2.21282)     (-0.0746153,0.272467,2.15099)     (-0.0993861,0.361052,1.95707)     (-0.0787235,0.483869,1.7615)     (-0.0616467,0.5675,1.65991)     (0.202477,0.216051,2.15975)     (0.195796,0.138482,1.93575)     (0.174815,0.0926948,1.69831)     (0.141369,0.0506057,1.611)     (0.0595412,0.157003,2.13572)     (-0.0383425,0.145868,1.68051)     (0.159271,0.0341408,1.59182)     (0.111141,0.0422906,1.50642)     (0.195007,0.130443,2.1525)     (0.159186,0.0227965,1.72812)     (0.0572307,-0.11895,1.89711)     (0.10118,-0.0969234,1.82269)     
End frame 33;
At time 1414671396 Begin frame 34: (0.122472,0.200368,2.17417)     (0.118363,0.205274,2.20784)     (0.107073,0.323909,2.23792)     (0.126562,0.471837,2.20702)     (-0.0699707,0.288089,2.14939)     (-0.0885598,0.373481,1.97011)     (-0.0719364,0.503067,1.77641)     (-0.0618479,0.588026,1.66299)     (0.207548,0.221964,2.14641)     (0.197261,0.13893,1.92805)     (0.204503,0.0756758,1.6865)     (0.242926,0.0473984,1.51677)     (0.0598777,0.164037,2.12981)     (-0.0377846,0.150367,1.67309)     (0.191247,0.0402736,1.62391)     (0.155113,0.0486869,1.54214)     (0.193508,0.134131,2.14523)     (0.0649499,0.0876251,1.72295)     (0.141331,-0.0320474,1.69994)     (0.178001,-0.0262663,1.62426)     
End frame 34;
At time 1414671396 Begin frame 35: (0.122604,0.205356,2.16848)     (0.118819,0.210679,2.20223)     (0.109452,0.331557,2.23333)     (0.127182,0.479959,2.2007)     (-0.0556144,0.305883,2.15604)     (-0.0804278,0.380258,1.97933)     (-0.0658896,0.513197,1.78663)     (-0.0611741,0.601081,1.66523)     (0.211513,0.227996,2.13629)     (0.207334,0.149406,1.92516)     (0.244386,0.0821153,1.69044)     (0.284604,0.0270781,1.49137)     (0.0608667,0.168908,2.12615)     (-0.0369055,0.155714,1.67125)     (0.213773,0.0431989,1.63728)     (0.168032,0.0491788,1.53992)     (0.192385,0.137558,2.13988)     (0.0255138,0.116272,1.71588)     (0.152081,-0.00343572,1.66892)     (0.187135,-0.00733469,1.59251)     
End frame 35;
At time 1414671396 Begin frame 36: (0.12397,0.208812,2.16151)     (0.120554,0.214419,2.1955)     (0.112175,0.337087,2.22808)     (0.127719,0.485433,2.19395)     (-0.0478012,0.313477,2.1588)     (-0.0757302,0.383288,1.9839)     (-0.0606431,0.517335,1.79284)     (-0.0577575,0.607572,1.66667)     (0.213411,0.230406,2.12903)     (0.219827,0.168683,1.89952)     (0.256356,0.0867937,1.68102)     (0.298952,0.0264951,1.48181)     (0.0644439,0.172186,2.11916)     (-0.0346458,0.158927,1.65941)     (0.229934,0.0417759,1.63425)     (0.176987,0.0448302,1.52556)     (0.191847,0.140064,2.13608)     (0.00833885,0.129359,1.71317)     (0.165989,0.0196549,1.63902)     (0.175884,-0.0269422,1.61743)     
End frame 36;
At time 1414671396 Begin frame 37: (0.077276,0.201716,2.14191)     (0.0829402,0.212683,2.1754)     (0.110738,0.346356,2.20584)     (0.125158,0.489874,2.18125)     (-0.0413212,0.31229,2.15626)     (-0.0714819,0.379465,1.98245)     (-0.0535452,0.514197,1.79233)     (-0.0478277,0.602709,1.66573)     (0.197218,0.21259,2.1025)     (0.218032,0.18229,1.86265)     (0.198305,0.174111,1.63442)     (0.180575,0.184792,1.53108)     (0.00799752,0.167555,2.12345)     (-0.0337639,0.159755,1.66109)     (0.237045,0.0382205,1.62164)     (0.184114,0.0426657,1.51838)     (0.126703,0.133059,2.11405)     (-0.0194112,0.144916,1.67972)     (0.175929,0.0535318,1.63669)     (0.174945,-0.0198613,1.62804)     
End frame 37;
At time 1414671396 Begin frame 38: (0.05251,0.196583,2.12842)     (0.0656559,0.212624,2.16378)     (0.105173,0.35803,2.17568)     (0.125283,0.497012,2.16478)     (-0.0325229,0.296088,2.14489)     (-0.0910001,0.341107,1.95489)     (-0.052362,0.478392,1.77135)     (-0.0264046,0.573851,1.65556)     (0.192991,0.208925,2.09368)     (0.22052,0.19817,1.86645)     (0.190601,0.224412,1.64767)     (0.186585,0.23281,1.52908)     (-0.0242461,0.163047,2.12473)     (-0.0292373,0.158508,1.66358)     (0.239422,0.032798,1.60519)     (0.18241,0.0379597,1.50308)     (0.0888887,0.12749,2.09641)     (-0.0279232,0.148979,1.66146)     (0.179889,0.0720392,1.64322)     (0.188907,0.000668152,1.61027)     
End frame 38;
At time 1414671396 Begin frame 39: (0.0440322,0.194426,2.12227)     (0.0594276,0.211799,2.15776)     (0.103782,0.358984,2.16401)     (0.12638,0.49295,2.14677)     (-0.0256988,0.276381,2.13911)     (-0.0777702,0.31863,1.93786)     (-0.0300032,0.444307,1.74839)     (-0.00429166,0.533035,1.63168)     (0.19049,0.201667,2.07962)     (0.224738,0.210928,1.8708)     (0.176559,0.280699,1.6573)     (0.153206,0.320686,1.53931)     (-0.0293897,0.1592,2.11836)     (0.0108954,0.129847,1.65903)     (0.267949,-0.00939108,1.55541)     (0.206351,0.00406803,1.46875)     (0.0767546,0.126133,2.09069)     (-0.0180196,0.142426,1.64913)     (0.17563,-0.00263058,1.65156)     (0.198042,0.00203794,1.60147)     
End frame 39;
At time 1414671396 Begin frame 40: (0.0436007,0.196327,2.11422)     (0.0570207,0.21392,2.15066)     (0.0850123,0.352742,2.13342)     (0.132983,0.484082,2.12647)     (-0.0313232,0.260592,2.1229)     (-0.0914756,0.283665,1.88562)     (-0.0268259,0.399141,1.69456)     (0.0142791,0.475823,1.60365)     (0.189727,0.200051,2.07228)     (0.227413,0.227501,1.8761)     (0.172275,0.329222,1.66654)     (0.145816,0.379671,1.54944)     (-0.0160666,0.154093,2.10792)     (0.0329165,0.115719,1.65469)     (0.108462,-0.062768,1.48403)     (0.0755859,-0.0341581,1.40313)     (0.0844303,0.139435,2.08266)     (0.00903544,0.131661,1.63743)     (0.157346,-0.0386506,1.52366)     (0.163349,-0.0444052,1.44133)     
End frame 40;
At time 1414671396 Begin frame 41: (0.0622972,0.235575,2.10937)     (0.0647773,0.243906,2.14303)     (0.0752645,0.350258,2.1232)     (0.135723,0.478402,2.11592)     (-0.0374392,0.251317,2.11419)     (-0.0897723,0.258404,1.85691)     (-0.0200568,0.347167,1.65202)     (0.0280088,0.410536,1.57033)     (0.210726,0.337456,2.14335)     (0.229943,0.302954,1.90637)     (0.178584,0.38747,1.68845)     (0.151209,0.427456,1.55428)     (0.0189711,0.161169,2.0936)     (0.0452942,0.109201,1.64995)     (0.0466662,-0.0878643,1.44435)     (0.00948827,-0.0532467,1.36392)     (0.126614,0.198946,2.08074)     (0.167434,-0.0288355,1.87075)     (0.347235,-0.174673,1.84517)     (0.299553,-0.145527,1.76999)     
End frame 41;
At time 1414671396 Begin frame 42: (0.0961545,0.259014,2.0992)     (0.0888337,0.261347,2.13078)     (0.070548,0.348804,2.11588)     (0.138655,0.473105,2.1064)     (-0.0417748,0.245246,2.10616)     (-0.0779485,0.241132,1.83849)     (-0.00362305,0.298774,1.61965)     (0.0420162,0.34372,1.5329)     (0.221922,0.368915,2.14378)     (0.239294,0.347742,1.91358)     (0.193503,0.402808,1.68806)     (0.158117,0.4539,1.55888)     (0.0714236,0.167575,2.06798)     (0.0705112,0.104535,1.63468)     (0.0368663,-0.100269,1.42519)     (0.0296589,-0.057969,1.35462)     (0.186816,0.225801,2.08505)     (0.174886,-0.0488283,1.8943)     (0.365047,-0.212307,1.88304)     (0.307215,-0.169947,1.80025)     
End frame 42;
At time 1414671396 Begin frame 43: (0.158091,0.295279,2.07102)     (0.148966,0.310133,2.09681)     (0.159232,0.42981,2.06173)     (0.193405,0.558701,2.0438)     (0.089803,0.426702,2.03586)     (-0.00407192,0.303618,1.83656)     (0.0287499,0.269196,1.59785)     (0.0575964,0.267668,1.49906)     (0.307764,0.473736,2.11092)     (0.276254,0.393515,1.89125)     (0.214303,0.425587,1.66655)     (0.162243,0.498396,1.55998)     (0.122516,0.216401,2.04761)     (0.0830447,0.0963178,1.63009)     (-0.0878961,0.176354,1.38756)     (-0.0990513,0.141995,1.30048)     (0.231829,0.2496,2.08141)     (0.170334,-0.0555791,1.9248)     (0.389211,-0.233486,1.95142)     (0.323019,-0.18835,1.86863)     
End frame 43;
At time 1414671396 Begin frame 44: (0.195134,0.31544,2.05525)     (0.186822,0.336618,2.077)     (0.199012,0.440036,2.05227)     (0.215997,0.567897,2.03247)     (0.114346,0.457571,2.01643)     (0.0345917,0.32142,1.82113)     (0.0452701,0.238463,1.59291)     (0.0725259,0.200144,1.46663)     (0.365051,0.509651,2.09965)     (0.303485,0.409199,1.88268)     (0.22925,0.443347,1.66359)     (0.169426,0.513413,1.55964)     (0.149969,0.250997,2.03551)     (-0.15023,0.256901,1.95137)     (-0.237813,0.273686,1.58305)     (-0.226293,0.272758,1.50273)     (0.247859,0.25934,2.07861)     (0.168626,-0.0550846,1.92766)     (0.152405,-0.165851,1.72319)     (0.174629,-0.0882702,1.66048)     
End frame 44;
At time 1414671396 Begin frame 45: (0.212732,0.329494,2.04136)     (0.210596,0.360635,2.05515)     (0.235446,0.485625,2.01695)     (0.243872,0.614794,1.99619)     (0.134741,0.489753,2.00297)     (0.0590573,0.334917,1.8183)     (0.063577,0.216436,1.59602)     (0.0978702,0.137658,1.4283)     (0.398911,0.546438,2.06705)     (0.323498,0.425948,1.85353)     (0.237093,0.455258,1.64434)     (0.179428,0.522466,1.55813)     (0.161684,0.26619,2.02869)     (-0.185826,0.287866,1.99504)     (-0.3076,0.341043,1.6217)     (-0.29865,0.337083,1.53784)     (0.25744,0.268744,2.06545)     (0.177446,-0.0551696,1.9363)     (-0.0216396,-0.0377091,1.90406)     (0.0457008,-0.0450603,1.83044)     
End frame 45;
At time 1414671396 Begin frame 46: (0.222724,0.33717,2.03256)     (0.221375,0.370801,2.0448)     (0.24976,0.502327,2.00372)     (0.252854,0.636936,1.97555)     (0.143185,0.502396,1.98536)     (0.028802,0.328392,1.85409)     (-0.00972503,0.185216,1.66762)     (-0.00493387,0.157533,1.61314)     (0.41445,0.562773,2.05228)     (0.333093,0.432232,1.84123)     (0.244536,0.458827,1.63203)     (0.193095,0.52165,1.55446)     (0.168249,0.2764,2.02066)     (-0.199921,0.330799,1.98238)     (-0.297762,0.325687,1.60845)     (-0.286924,0.319848,1.52926)     (0.261872,0.273039,2.05437)     (0.167062,-0.038905,1.92042)     (0.26906,0.0228018,2.04393)     (0.238943,0.00552534,1.95554)     
End frame 46;
At time 1414671396 Begin frame 47: (0.2272,0.33998,2.02286)     (0.226602,0.374307,2.03448)     (0.252908,0.505464,1.99881)     (0.253018,0.642213,1.96426)     (0.147292,0.505529,1.96764)     (0.0169314,0.328672,1.87222)     (-0.0269042,0.164774,1.69158)     (0.00888325,0.106201,1.60482)     (0.422226,0.56545,2.03863)     (0.343359,0.427877,1.83013)     (0.257025,0.453056,1.62003)     (0.211683,0.508906,1.54707)     (0.166867,0.279859,2.00766)     (-0.199039,0.341963,1.95323)     (-0.152276,0.102908,1.85634)     (-0.0876007,0.0683864,1.79581)     (0.262262,0.27317,2.042)     (0.159334,-0.0282202,1.90957)     (0.271935,0.0402069,2.06247)     (0.243341,0.0211863,1.97861)     
End frame 47;
At time 1414671396 Begin frame 48: (0.226995,0.339965,2.01308)     (0.22707,0.372756,2.02464)     (0.259919,0.502293,1.99293)     (0.253771,0.635581,1.95222)     (0.148566,0.505171,1.95057)     (0.00754314,0.325906,1.87811)     (-0.046281,0.161327,1.71813)     (-0.0161697,0.100059,1.65232)     (0.425729,0.553604,2.02615)     (0.363964,0.3976,1.82561)     (0.2837,0.426211,1.61453)     (0.240555,0.473697,1.53372)     (0.156617,0.277827,1.99072)     (-0.204546,0.35638,1.93447)     (-0.0488585,0.0776567,1.89366)     (-0.00174769,0.0419108,1.82314)     (0.260208,0.273109,2.03029)     (0.140087,-0.00433247,1.8806)     (0.321561,0.0449972,2.03872)     (0.283247,0.0222518,1.96153)     
End frame 48;
At time 1414671396 Begin frame 49: (0.201449,0.320344,1.99149)     (0.197745,0.341567,2.00471)     (0.205751,0.439876,1.9941)     (0.201215,0.583729,1.93262)     (0.099272,0.461427,1.93471)     (-0.0204664,0.28249,1.84129)     (-0.0545654,0.150928,1.71287)     (-0.0261061,0.0929338,1.66704)     (0.380731,0.48847,2.01409)     (0.363253,0.343184,1.81742)     (0.304005,0.383915,1.603)     (0.268013,0.425763,1.51901)     (0.131157,0.256338,1.96348)     (-0.193037,0.368923,1.88232)     (-0.0175299,0.0492836,1.90675)     (0.0344535,0.00924314,1.83219)     (0.245469,0.255289,1.99982)     (0.142891,-0.0115786,1.8739)     (0.385777,0.010689,2.04096)     (0.334905,-0.012464,1.95438)     
End frame 49;
At time 1414671396 Begin frame 50: (0.175831,0.286996,1.96463)     (0.170546,0.305671,1.98319)     (0.177155,0.413944,1.98098)     (0.178752,0.557683,1.91311)     (0.0331075,0.367003,1.91184)     (-0.0490788,0.233401,1.80008)     (-0.00700654,0.102459,1.63961)     (0.0228062,0.0677385,1.60437)     (0.307454,0.434201,1.99738)     (0.348687,0.304983,1.80463)     (0.329637,0.323711,1.58164)     (0.301094,0.358884,1.50696)     (0.113686,0.212705,1.93375)     (-0.169907,0.374962,1.84738)     (-0.0941782,0.0812727,1.90975)     (-0.0577914,0.057839,1.82905)     (0.23224,0.233137,1.97105)     (0.136451,-0.0209696,1.85903)     (0.33329,0.0671142,2.01151)     (0.271139,0.0395963,1.91858)     
End frame 50;
At time 1414671397 Begin frame 51: (0.161924,0.267719,1.94607)     (0.154779,0.284889,1.96517)     (0.147552,0.390621,1.96309)     (0.167654,0.541124,1.8935)     (-0.00154054,0.312994,1.89025)     (-0.0632651,0.206861,1.76995)     (0.00488695,0.0797149,1.6149)     (0.0255183,0.0563543,1.5995)     (0.261891,0.401746,1.9804)     (0.344607,0.280837,1.79982)     (0.367319,0.233511,1.59916)     (0.341608,0.273186,1.49428)     (0.105748,0.188718,1.91585)     (-0.137689,0.365383,1.78992)     (-0.0905582,0.0747033,1.89216)     (-0.0580961,0.0708827,1.78781)     (0.225635,0.221224,1.95324)     (0.130972,-0.0310219,1.84559)     (0.308849,0.095788,1.99254)     (0.271329,0.0538868,1.90803)     
End frame 51;
At time 1414671397 Begin frame 52: (0.154944,0.257028,1.92968)     (0.146793,0.274214,1.94747)     (0.131275,0.380916,1.93502)     (0.16567,0.53226,1.86369)     (-0.00719462,0.296764,1.87271)     (-0.0681178,0.195773,1.74609)     (0.0193332,0.0651002,1.58651)     (0.0416012,0.0400477,1.56312)     (0.246906,0.362663,1.95001)     (0.351595,0.21945,1.84232)     (0.381434,0.171716,1.63089)     (0.357444,0.207023,1.3836)     (0.102048,0.178263,1.90313)     (-0.122424,0.361517,1.75917)     (-0.102784,0.0860015,1.84961)     (-0.0551311,0.0710598,1.76075)     (0.222543,0.213321,1.94032)     (0.127856,-0.0402573,1.8325)     (0.291746,0.112686,1.97844)     (0.2446,0.0876731,1.88549)     
End frame 52;
At time 1414671397 Begin frame 53: (0.151241,0.248741,1.90461)     (0.142158,0.267962,1.91636)     (0.124073,0.38137,1.89335)     (0.175281,0.52641,1.82237)     (0.00157182,0.292502,1.84107)     (-0.0674791,0.191643,1.72671)     (0.00576853,0.0840002,1.58663)     (0.00426697,0.064989,1.57306)     (0.252831,0.325474,1.92707)     (0.358987,0.182261,1.87544)     (0.388653,0.12372,1.65873)     (0.388187,0.106825,1.43467)     (0.101454,0.17282,1.88385)     (-0.112353,0.358598,1.73481)     (-0.11482,0.102903,1.80372)     (-0.0639173,0.082402,1.72226)     (0.220556,0.204546,1.9242)     (0.127117,-0.0517095,1.81552)     (0.282647,0.122096,1.96617)     (0.237551,0.100686,1.87005)     
End frame 53;
At time 1414671397 Begin frame 54: (0.152402,0.238523,1.87327)     (0.142752,0.261032,1.88134)     (0.125166,0.384793,1.85332)     (0.186752,0.523175,1.77763)     (0.0102551,0.28836,1.80382)     (-0.0551426,0.194684,1.69205)     (0.0229146,0.0662351,1.54409)     (0.0265551,0.0404546,1.52293)     (0.262973,0.306403,1.91004)     (0.356327,0.185739,1.84083)     (0.402501,0.0907362,1.64785)     (0.426275,0.0462234,1.49137)     (0.104357,0.168534,1.85832)     (-0.100511,0.355091,1.70762)     (-0.11345,0.113931,1.75984)     (-0.0658745,0.0929257,1.66794)     (0.221794,0.18747,1.89629)     (0.127936,-0.0684581,1.78614)     (0.270063,0.110988,1.93397)     (0.230737,0.0883359,1.83159)     
End frame 54;
At time 1414671397 Begin frame 55: (0.159234,0.232039,1.84228)     (0.150531,0.258654,1.84239)     (0.132559,0.392306,1.79987)     (0.203523,0.523394,1.73111)     (0.0329855,0.298696,1.76609)     (-0.0438834,0.19877,1.66336)     (0.0294873,0.0580012,1.52121)     (0.0399614,0.024362,1.48557)     (0.279002,0.297947,1.8858)     (0.365529,0.164671,1.86952)     (0.463651,0.0647587,1.78173)     (0.503144,0.0122613,1.72441)     (0.113125,0.166766,1.83084)     (-0.0817986,0.333159,1.65368)     (-0.102528,0.107712,1.70608)     (-0.0537315,0.0824556,1.61264)     (0.224749,0.179236,1.8784)     (0.129687,-0.0778778,1.76585)     (0.264984,0.103972,1.91293)     (0.230298,0.0802478,1.80949)     
End frame 55;
At time 1414671397 Begin frame 56: (0.170939,0.22963,1.81139)     (0.162415,0.258655,1.80958)     (0.144783,0.396613,1.75917)     (0.218375,0.518923,1.68711)     (0.0549832,0.310113,1.73051)     (-0.0276161,0.203728,1.62131)     (0.0313709,0.0539603,1.50074)     (0.0505361,0.0151709,1.44268)     (0.296875,0.315421,1.83921)     (0.370211,0.180985,1.87792)     (0.466549,0.0483169,1.84577)     (0.518533,-0.0215295,1.81379)     (0.126892,0.166682,1.80177)     (-0.0604522,0.311141,1.60081)     (-0.0821736,0.0937834,1.6525)     (-0.0319327,0.0644979,1.56066)     (0.233681,0.176377,1.85372)     (0.134762,-0.0829355,1.74272)     (0.265687,0.0971035,1.88941)     (0.235926,0.072557,1.78607)     
End frame 56;
At time 1414671397 Begin frame 57: (0.188696,0.240743,1.77182)     (0.179916,0.269783,1.76828)     (0.157802,0.399429,1.71069)     (0.23252,0.513512,1.63806)     (0.0731655,0.320157,1.68951)     (-0.00995134,0.20847,1.57883)     (0.0288025,0.0541793,1.46268)     (0.0486378,0.0119607,1.41779)     (0.307663,0.360532,1.77472)     (0.375738,0.208343,1.86847)     (0.455236,0.0630728,1.88173)     (0.507071,-0.00302423,1.86297)     (0.150984,0.173132,1.76334)     (-0.0501857,0.305548,1.57597)     (-0.0717752,0.0902855,1.62637)     (-0.0217011,0.0577673,1.53683)     (0.25011,0.191608,1.82136)     (0.162016,-0.0858867,1.73021)     (0.291824,0.097301,1.8783)     (0.262635,0.072909,1.78253)     
End frame 57;
At time 1414671397 Begin frame 58: (0.202891,0.246777,1.74265)     (0.194266,0.275701,1.73638)     (0.168489,0.398383,1.66731)     (0.246872,0.504199,1.58877)     (0.0883796,0.321696,1.65024)     (0.000740629,0.214508,1.54595)     (0.0263267,0.0625299,1.44095)     (0.0424181,0.0206153,1.38482)     (0.327265,0.391412,1.71317)     (0.385386,0.227525,1.84944)     (0.446654,0.0697116,1.89058)     (0.466236,0.0203247,1.89874)     (0.168996,0.17813,1.73712)     (-0.0253667,0.280728,1.52353)     (-0.0398481,0.0629131,1.5715)     (0.00346406,0.035018,1.48409)     (0.264026,0.198003,1.79818)     (0.156341,-0.0934856,1.70571)     (0.278342,0.0689791,1.84272)     (0.250624,0.0432165,1.74801)     
End frame 58;
At time 1414671397 Begin frame 59: (0.217099,0.247584,1.70764)     (0.208254,0.275006,1.6939)     (0.174194,0.388508,1.61216)     (0.260464,0.493323,1.53971)     (0.0999524,0.319322,1.6034)     (0.0151592,0.2194,1.49456)     (0.0283805,0.0605216,1.37959)     (0.0424623,0.0214794,1.3311)     (0.337348,0.399832,1.67818)     (0.396375,0.23583,1.82992)     (0.453259,0.0736414,1.86272)     (0.47361,0.0244228,1.87551)     (0.184345,0.180878,1.71154)     (-0.0162339,0.271855,1.50086)     (-0.0263772,0.0513879,1.54439)     (0.0135474,0.025033,1.45392)     (0.277996,0.201279,1.77534)     (0.149899,-0.0977744,1.68458)     (0.259913,0.0687587,1.77159)     (0.234592,0.0438614,1.68427)     
End frame 59;
At time 1414671397 Begin frame 60: (0.228464,0.24348,1.67742)     (0.218592,0.270313,1.66008)     (0.178047,0.377165,1.55464)     (0.274077,0.479178,1.49185)     (0.10817,0.313299,1.55471)     (0.027923,0.218816,1.4402)     (0.0363288,0.0582291,1.31058)     (0.042426,0.020123,1.26893)     (0.352939,0.388914,1.62584)     (0.412563,0.240933,1.79073)     (0.460006,0.0797631,1.83222)     (0.469671,0.0388593,1.80155)     (0.195643,0.17931,1.68949)     (-0.0108564,0.265547,1.48578)     (-0.0190078,0.0436871,1.52746)     (0.0174896,0.019949,1.437)     (0.295187,0.201083,1.74813)     (0.149985,-0.100122,1.66801)     (0.256679,0.0713152,1.73043)     (0.231513,0.0487428,1.64848)     
End frame 60;
At time 1414671397 Begin frame 61: (0.245191,0.233004,1.64386)     (0.23396,0.25712,1.62641)     (0.191443,0.346112,1.5182)     (0.28256,0.46129,1.44415)     (0.116129,0.300585,1.50078)     (0.042361,0.209708,1.37973)     (0.0483761,0.0511579,1.23077)     (0.0464652,0.0122193,1.19558)     (0.365091,0.37078,1.57977)     (0.429434,0.2398,1.74688)     (0.46588,0.0827381,1.78267)     (0.467466,0.0440952,1.76549)     (0.213443,0.171483,1.66271)     (-0.00484443,0.259831,1.47244)     (-0.0104932,0.0362017,1.51274)     (0.0215434,0.0155746,1.42233)     (0.319558,0.197399,1.71254)     (0.152404,-0.100447,1.64869)     (0.258862,0.0732675,1.70622)     (0.233671,0.0538137,1.62486)     
End frame 61;
At time 1414671397 Begin frame 62: (0.264643,0.220841,1.60936)     (0.253155,0.240428,1.59264)     (0.210304,0.30881,1.4918)     (0.28898,0.439635,1.39792)     (0.118127,0.286418,1.44007)     (0.0591171,0.193865,1.31174)     (0.0569524,0.0608218,1.17694)     (0.0489151,0.0159229,1.1598)     (0.375022,0.350832,1.52793)     (0.441889,0.240049,1.6973)     (0.471664,0.0872784,1.72732)     (0.468908,0.0460337,1.70442)     (0.236045,0.162271,1.63644)     (0.0053548,0.254999,1.45826)     (0.00222418,0.0295515,1.49821)     (0.0282755,0.0145265,1.40648)     (0.34333,0.192341,1.67576)     (0.469721,0.364081,1.65986)     (0.312535,0.135547,1.66838)     (0.277773,0.109908,1.58824)     
End frame 62;
At time 1414671397 Begin frame 63: (0.276927,0.213263,1.5579)     (0.265235,0.229727,1.54102)     (0.220135,0.2869,1.44356)     (0.295458,0.419051,1.34998)     (0.11982,0.27312,1.3821)     (0.0734757,0.180269,1.24679)     (0.068675,0.0732607,1.11521)     (0.0634699,0.0262547,1.08148)     (0.383207,0.3298,1.47219)     (0.449992,0.238588,1.64455)     (0.472553,0.0873996,1.66971)     (0.470982,0.0477815,1.68328)     (0.249813,0.156095,1.58925)     (0.0178475,0.257248,1.42712)     (0.0159467,0.0295737,1.46953)     (0.0365786,0.0247566,1.36504)     (0.36012,0.192503,1.62655)     (0.539912,0.438602,1.65598)     (0.350023,0.16236,1.66499)     (0.315757,0.141706,1.58554)     
End frame 63;
At time 1414671397 Begin frame 64: (0.284365,0.196921,1.52175)     (0.272164,0.212279,1.5019)     (0.224729,0.269322,1.39175)     (0.297522,0.398558,1.30376)     (0.141713,0.245312,1.33786)     (0.0851426,0.170528,1.19043)     (0.0760267,0.0832438,1.05739)     (0.0735275,0.04128,1.01474)     (0.382768,0.293367,1.43964)     (0.457783,0.230156,1.61797)     (0.472988,0.0827443,1.64809)     (0.474271,0.0419197,1.66231)     (0.257262,0.140468,1.54934)     (0.0237186,0.254697,1.40753)     (0.0226386,0.0260286,1.45119)     (0.0384715,0.025545,1.34536)     (0.365567,0.184237,1.59213)     (0.590156,0.464096,1.60504)     (0.285845,0.0497978,1.62431)     (0.261114,0.0476246,1.53921)     
End frame 64;
At time 1414671397 Begin frame 65: (0.295478,0.18389,1.47973)     (0.282861,0.198237,1.46472)     (0.237676,0.247793,1.36324)     (0.301363,0.375215,1.25728)     (0.137678,0.226169,1.27252)     (0.0948621,0.1569,1.11746)     (0.0793646,0.0715478,0.974768)     (0.0794746,0.0246594,0.911943)     (0.384701,0.262259,1.39617)     (0.461178,0.219302,1.57914)     (0.473475,0.0825389,1.63442)     (0.475443,0.0404353,1.6476)     (0.26813,0.133374,1.52384)     (0.0729695,0.264952,1.3432)     (0.0723528,0.0353602,1.3881)     (0.0727778,0.0367049,1.28925)     (0.372884,0.172067,1.5492)     (0.622658,0.370655,1.6797)     (0.309821,0.0167535,1.6169)     (0.281836,0.0292707,1.53162)     
End frame 65;
At time 1414671397 Begin frame 66: (0.300222,0.176854,1.44682)     (0.289217,0.189863,1.42783)     (0.247825,0.231479,1.32717)     (0.300652,0.360672,1.22274)     (0.139419,0.221634,1.25132)     (0.0887708,0.132222,1.06268)     (0.0788548,0.0489972,0.8853)     (0.0792273,0.0106321,0.816269)     (0.385675,0.238764,1.34844)     (0.462447,0.205944,1.53117)     (0.470663,0.0721599,1.62168)     (0.471379,0.0230663,1.64354)     (0.278061,0.129025,1.47962)     (0.0915848,0.272335,1.3028)     (0.0909455,0.0424138,1.34853)     (0.0882786,0.0477157,1.2425)     (0.376098,0.166864,1.5299)     (0.645765,0.404926,1.61345)     (0.303548,-0.0107655,1.59678)     (0.271381,-0.00469719,1.50037)     
End frame 66;
At time 1414671397 Begin frame 67: (0.30426,0.172176,1.43078)     (0.294068,0.184571,1.41127)     (0.255025,0.220505,1.31178)     (0.298802,0.344508,1.19135)     (0.148539,0.226065,1.24187)     (0.0868876,0.130197,1.05421)     (0.0782394,0.0460154,0.854838)     (0.0771802,0.0143433,0.79214)     (0.388457,0.223803,1.28016)     (0.460858,0.200132,1.47327)     (0.468888,0.0687236,1.61139)     (0.469381,0.0183618,1.64035)     (0.284032,0.127236,1.4642)     (0.10208,0.272327,1.28196)     (0.101458,0.0423115,1.32801)     (0.0957529,0.0505402,1.22398)     (0.377284,0.154522,1.49764)     (0.624769,0.362406,1.63828)     (0.301504,-0.0264562,1.58737)     (0.26977,-0.017547,1.4903)     
End frame 67;
At time 1414671397 Begin frame 68: (0.312731,0.168612,1.41126)     (0.304069,0.179866,1.39398)     (0.281438,0.200085,1.30522)     (0.298044,0.331564,1.17469)     (0.154082,0.223443,1.22208)     (0.0847483,0.157889,1.05356)     (0.072439,0.0668402,0.854711)     (0.0760862,0.0199915,0.755632)     (0.385373,0.212923,1.23982)     (0.458846,0.194418,1.42337)     (0.467103,0.0665438,1.60255)     (0.467904,0.015976,1.63734)     (0.300939,0.132325,1.45083)     (0.11782,0.275249,1.26329)     (7.1303e-005,0.120442,1.46673)     (0.00947619,0.115242,1.37478)     (0.378214,0.149947,1.4835)     (0.603299,0.314888,1.65337)     (0.300454,-0.036985,1.58168)     (0.268952,-0.0267437,1.48449)     
End frame 68;
At time 1414671397 Begin frame 69: (0.30169,0.175863,1.37437)     (0.298931,0.184116,1.36602)     (0.287183,0.19384,1.29834)     (0.296032,0.320151,1.15974)     (0.153959,0.22724,1.21206)     (0.0963287,0.175667,1.04112)     (0.0697884,0.0832804,0.841576)     (0.0685854,0.0367962,0.751146)     (0.371357,0.207648,1.19413)     (0.453333,0.199035,1.3723)     (0.463731,0.0890654,1.57327)     (0.467042,0.0323035,1.63143)     (0.299165,0.134696,1.42922)     (0.108151,0.265051,1.24246)     (-0.0478128,0.115441,1.46064)     (-0.0333255,0.113322,1.37247)     (0.375703,0.147548,1.47095)     (0.576292,0.276745,1.6619)     (0.574045,0.146294,1.80656)     (0.531361,0.140805,1.72425)     
End frame 69;
At time 1414671397 Begin frame 70: (0.293678,0.183512,1.35336)     (0.292855,0.191103,1.34727)     (0.284766,0.198025,1.29281)     (0.294328,0.31462,1.14745)     (0.150505,0.235698,1.20342)     (0.0810761,0.186214,1.01595)     (0.0671613,0.0889937,0.821104)     (0.0627694,0.057604,0.753302)     (0.367516,0.205194,1.17537)     (0.447313,0.197789,1.35203)     (0.461808,0.0973132,1.56133)     (0.467173,0.0448859,1.62775)     (0.291042,0.140455,1.40867)     (0.0581514,0.271364,1.1662)     (0.107369,0.115939,1.39211)     (0.0950397,0.113617,1.30629)     (0.364606,0.153054,1.44997)     (0.553949,0.247018,1.66367)     (0.623757,0.165615,1.84859)     (0.57967,0.160257,1.76877)     
End frame 70;
At time 1414671397 Begin frame 71: (0.291555,0.186186,1.34405)     (0.290253,0.194665,1.33829)     (0.267262,0.223372,1.26574)     (0.290275,0.325655,1.11251)     (0.177519,0.23944,1.19624)     (0.0888093,0.221066,1.01965)     (0.0685642,0.126497,0.874613)     (0.0606569,0.0981151,0.833606)     (0.358899,0.216312,1.15248)     (0.434004,0.210778,1.32239)     (0.455971,0.123001,1.52473)     (0.465274,0.0744507,1.60365)     (0.288596,0.143963,1.39827)     (0.0326334,0.277899,1.12977)     (0.110291,0.129724,1.38956)     (0.0965758,0.130192,1.30595)     (0.358166,0.158861,1.43736)     (0.507592,0.264393,1.66047)     (0.622099,0.249957,1.88954)     (0.545684,0.238262,1.79187)     
End frame 71;
At time 1414671397 Begin frame 72: (0.292851,0.192572,1.34316)     (0.292612,0.204693,1.33607)     (0.289955,0.266703,1.25269)     (0.29011,0.337717,1.08952)     (0.171673,0.269921,1.16036)     (0.0812592,0.249452,1.00668)     (0.0441409,0.170588,0.867614)     (0.030566,0.146892,0.826107)     (0.37552,0.262842,1.26325)     (0.454004,0.215961,1.37385)     (0.456745,0.123171,1.5381)     (0.46425,0.0776322,1.59076)     (0.284931,0.148012,1.39292)     (0.0124911,0.256928,1.20726)     (0.154138,0.0561059,1.43754)     (0.129972,-0.000418942,1.39505)     (0.354497,0.163261,1.43024)     (0.485757,0.274936,1.65847)     (0.335208,0.0909739,1.58051)     (0.322551,0.0463871,1.53455)     
End frame 72;
At time 1414671397 Begin frame 73: (0.293756,0.198121,1.34619)     (0.292687,0.211695,1.33614)     (0.280765,0.278463,1.24763)     (0.287769,0.341509,1.08059)     (0.135334,0.228091,1.19112)     (0.0713623,0.277424,1.0018)     (0.0335091,0.194879,0.876125)     (0.0268313,0.19204,0.874348)     (0.371133,0.291939,1.2619)     (0.456383,0.219302,1.38215)     (0.453681,0.130478,1.53108)     (0.461194,0.0868943,1.57736)     (0.281389,0.151278,1.39116)     (0.0147521,0.261006,1.22731)     (0.184233,0.0461754,1.43481)     (0.151621,-0.0189508,1.38869)     (0.351001,0.170646,1.42575)     (0.473488,0.285327,1.65584)     (0.295971,0.0892778,1.51224)     (0.323945,0.0493509,1.49587)     
End frame 73;
At time 1414671397 Begin frame 74: (0.267881,0.220118,1.34127)     (0.262721,0.235457,1.32459)     (0.241336,0.29888,1.22154)     (0.251504,0.366518,1.05633)     (0.125095,0.248432,1.17176)     (0.048106,0.306163,0.975168)     (-0.00231262,0.226666,0.856062)     (-0.0117308,0.215317,0.847859)     (0.369043,0.328399,1.27036)     (0.456331,0.222014,1.38523)     (0.451913,0.133895,1.52825)     (0.456542,0.0915804,1.56403)     (0.242839,0.175995,1.3846)     (0.00787557,0.270538,1.23122)     (0.175837,0.0632347,1.40464)     (0.154579,-0.0280966,1.38952)     (0.324492,0.201772,1.40283)     (0.301975,0.31218,1.15545)     (0.23229,0.0827243,1.42687)     (0.262132,0.0120841,1.41048)     
End frame 74;
At time 1414671397 Begin frame 75: (0.252494,0.231812,1.33646)     (0.243306,0.248608,1.31658)     (0.211667,0.308725,1.20713)     (0.225513,0.383022,1.04328)     (0.116318,0.252939,1.16746)     (0.0277281,0.311038,0.95583)     (-0.0221267,0.230547,0.835745)     (-0.025784,0.209318,0.828069)     (0.353042,0.369998,1.24966)     (0.434659,0.254871,1.33575)     (0.44096,0.15074,1.48665)     (0.445326,0.109936,1.51365)     (0.222442,0.188516,1.38041)     (0.00543716,0.281912,1.22925)     (0.18011,0.0716487,1.38504)     (0.147151,-0.0153562,1.35905)     (0.306408,0.221748,1.38636)     (0.238203,0.295576,1.09049)     (0.194419,0.0660297,1.36718)     (0.260212,0.00730842,1.37661)     
End frame 75;
At time 1414671397 Begin frame 76: (0.23537,0.240801,1.32883)     (0.223615,0.257345,1.30793)     (0.17812,0.311596,1.19898)     (0.184985,0.40254,1.05068)     (0.100245,0.259096,1.1626)     (0.0113969,0.309664,0.940791)     (-0.0406389,0.236509,0.810392)     (-0.0660227,0.241649,0.792636)     (0.314432,0.40149,1.20896)     (0.409245,0.288904,1.28108)     (0.425299,0.165481,1.43241)     (0.439706,0.103729,1.49439)     (0.210111,0.195088,1.37645)     (0.00301942,0.291926,1.2238)     (0.166063,0.0722788,1.34927)     (0.139291,-0.0268537,1.33374)     (0.287963,0.238403,1.36607)     (0.208142,0.302043,1.00844)     (0.181965,0.098336,1.35654)     (0.154459,0.0223927,1.31361)     
End frame 76;
At time 1414671397 Begin frame 77: (0.195333,0.249303,1.30461)     (0.182323,0.265016,1.28488)     (0.132621,0.314868,1.18257)     (0.164422,0.411547,1.05522)     (0.0611853,0.271225,1.14632)     (0.00393707,0.321578,0.931057)     (-0.0494702,0.240491,0.80607)     (-0.0542842,0.271807,0.83115)     (0.285623,0.414162,1.17655)     (0.395348,0.305298,1.25317)     (0.416575,0.167938,1.40366)     (0.434121,0.0868074,1.47557)     (0.173608,0.201634,1.35694)     (-0.0115782,0.310062,1.19893)     (0.145211,0.0796167,1.32063)     (0.12219,-0.0168802,1.30172)     (0.257143,0.246531,1.3371)     (0.0959326,0.00996891,1.26654)     (0.183036,0.126049,1.33543)     (0.143661,0.0485745,1.29501)     
End frame 77;
At time 1414671397 Begin frame 78: (0.15994,0.258723,1.2832)     (0.146938,0.27435,1.26479)     (0.0933708,0.326146,1.16502)     (0.149657,0.418675,1.05495)     (0.0218232,0.288614,1.12724)     (-0.0385256,0.336334,0.904349)     (-0.0879979,0.321562,0.761575)     (-0.100321,0.350357,0.74858)     (0.273718,0.41809,1.16268)     (0.384635,0.315843,1.23655)     (0.411036,0.169078,1.38235)     (0.423705,0.0901194,1.43413)     (0.132596,0.211875,1.33692)     (-0.0349474,0.324432,1.16051)     (0.117196,0.0804977,1.26116)     (0.108553,-0.0146706,1.26155)     (0.241985,0.25023,1.32355)     (0.0744148,-0.00858862,1.25965)     (0.278513,0.0760498,1.30135)     (0.183967,0.0185355,1.24878)     
End frame 78;
At time 1414671397 Begin frame 79: (0.140584,0.26421,1.2697)     (0.127784,0.280174,1.25225)     (0.0728315,0.335135,1.15419)     (0.137691,0.425538,1.05216)     (-0.00411855,0.302519,1.11309)     (-0.0478984,0.341075,0.897387)     (-0.0891636,0.358165,0.734242)     (-0.0956737,0.388502,0.684613)     (0.266129,0.417213,1.15294)     (0.376911,0.32114,1.23016)     (0.408266,0.167854,1.37139)     (0.418794,0.0959498,1.40351)     (0.110371,0.216598,1.32422)     (-0.0504489,0.329769,1.13276)     (0.0843341,0.0668599,1.20615)     (0.0842954,-0.0233506,1.22196)     (0.229863,0.250977,1.3111)     (0.0582209,-0.0343325,1.2703)     (0.283719,0.068582,1.26882)     (0.206628,0.00698749,1.22944)     
End frame 79;
At time 1414671397 Begin frame 80: (0.13106,0.266896,1.26339)     (0.118221,0.283193,1.24626)     (0.0628203,0.344611,1.14611)     (0.129851,0.432424,1.0486)     (0.0018785,0.342474,1.15974)     (-0.0507354,0.347048,0.937022)     (-0.067847,0.312019,0.795241)     (-0.0716243,0.295435,0.748783)     (0.252999,0.413654,1.13435)     (0.367602,0.329847,1.24189)     (0.409265,0.161344,1.35836)     (0.417482,0.0976185,1.38748)     (0.0993137,0.217568,1.31423)     (-0.060074,0.328175,1.11125)     (0.0757415,0.0639606,1.18733)     (0.0798107,-0.0259563,1.20711)     (0.221693,0.249652,1.30319)     (0.0570976,-0.0408446,1.2729)     (0.303308,0.0574859,1.25391)     (0.222632,-0.00120692,1.21407)     
End frame 80;
At time 1414671398 Begin frame 81: (0.131043,0.265224,1.2545)     (0.123982,0.284125,1.23443)     (0.107508,0.386714,1.11872)     (0.158397,0.471023,1.0189)     (0.00320785,0.36222,1.17979)     (-0.0507618,0.348968,0.958078)     (-0.0731601,0.317927,0.800867)     (-0.0793279,0.300022,0.74252)     (0.246964,0.411898,1.12567)     (0.358361,0.321092,1.25037)     (0.414187,0.153005,1.34346)     (0.436993,0.0874795,1.35093)     (0.0977631,0.208658,1.2841)     (-0.0662449,0.324781,1.08756)     (0.0650131,0.0535117,1.16236)     (0.0723085,-0.0320167,1.18885)     (0.216733,0.244855,1.29555)     (0.037265,-0.0615613,1.26423)     (0.312598,0.0514137,1.23779)     (0.230774,-0.00538259,1.19786)     
End frame 81;
At time 1414671398 Begin frame 82: (0.139978,0.257725,1.24236)     (0.13478,0.281353,1.2227)     (0.130054,0.407378,1.10373)     (0.171885,0.487442,1.00525)     (0.0408078,0.373525,1.13821)     (-0.0490516,0.34649,0.940932)     (-0.086338,0.319206,0.796793)     (-0.1015,0.302028,0.735206)     (0.243645,0.409881,1.12046)     (0.354617,0.314459,1.25511)     (0.42201,0.146802,1.32841)     (0.444248,0.0846157,1.33526)     (0.102754,0.200962,1.25858)     (-0.0671617,0.319139,1.06475)     (0.060188,0.049623,1.14971)     (0.0834565,-0.0237767,1.13653)     (0.21283,0.234146,1.28253)     (0.0457636,-0.0394375,1.24065)     (0.323266,0.0798391,1.17695)     (0.259142,0.0200955,1.13535)     
End frame 82;
At time 1414671398 Begin frame 83: (0.149407,0.253724,1.21988)     (0.146291,0.279924,1.20297)     (0.144776,0.415162,1.09508)     (0.181701,0.496071,0.995339)     (0.0586451,0.379504,1.11578)     (-0.0472381,0.343064,0.926442)     (-0.0973741,0.319212,0.791041)     (-0.116656,0.301085,0.732125)     (0.277493,0.405035,1.13552)     (0.367602,0.295704,1.26737)     (0.435767,0.140566,1.30506)     (0.46349,0.0775933,1.29524)     (0.102338,0.197469,1.22921)     (-0.0678645,0.313134,1.03418)     (0.0572076,0.0479411,1.1361)     (0.0922005,-0.0114046,1.09054)     (0.211463,0.225404,1.26998)     (0.0495477,-0.0327131,1.22312)     (0.326258,0.100824,1.13074)     (0.257545,0.04733,1.12954)     
End frame 83;
At time 1414671398 Begin frame 84: (0.162894,0.247191,1.18938)     (0.160046,0.275107,1.17644)     (0.155129,0.416361,1.08764)     (0.190019,0.49992,0.986275)     (0.0695722,0.376623,1.09504)     (-0.0468236,0.338645,0.911589)     (-0.103037,0.296041,0.781313)     (-0.124865,0.29865,0.735866)     (0.297561,0.402537,1.14505)     (0.373131,0.291887,1.26343)     (0.459469,0.116148,1.26538)     (0.481768,0.0628572,1.2561)     (0.106829,0.191405,1.20066)     (-0.0653739,0.307564,1.0082)     (0.0578555,0.0472302,1.12311)     (0.0993977,-0.00472271,1.06516)     (0.223897,0.206024,1.23039)     (0.0548603,-0.0203798,1.19569)     (0.328062,0.107874,1.10851)     (0.261157,0.0547205,1.11697)     
End frame 84;
At time 1414671398 Begin frame 85: (0.171854,0.236839,1.1597)     (0.169319,0.265654,1.14857)     (0.162986,0.409388,1.07644)     (0.197799,0.498663,0.974543)     (0.0770148,0.370369,1.07489)     (-0.0477188,0.333962,0.896951)     (-0.108671,0.276686,0.772305)     (-0.132796,0.262857,0.728987)     (0.306052,0.401453,1.14845)     (0.382743,0.291121,1.24724)     (0.475764,0.113115,1.22325)     (0.493292,0.0547656,1.21712)     (0.113358,0.182042,1.16903)     (-0.0620561,0.302749,0.984662)     (0.0610027,0.0476207,1.10822)     (0.105088,-0.000185387,1.04757)     (0.231496,0.188479,1.19427)     (0.0519774,-0.0141324,1.1786)     (0.327803,0.112331,1.08997)     (0.261266,0.0607186,1.1086)     
End frame 85;
At time 1414671398 Begin frame 86: (0.178345,0.223904,1.13272)     (0.175457,0.252968,1.12187)     (0.165707,0.395075,1.05878)     (0.203583,0.491855,0.958275)     (0.0803779,0.363146,1.05604)     (-0.0502245,0.329083,0.882301)     (-0.113248,0.25773,0.764101)     (-0.136975,0.257119,0.72857)     (0.307715,0.400383,1.14071)     (0.394338,0.299217,1.21141)     (0.477816,0.106694,1.17231)     (0.491089,0.0547127,1.16729)     (0.124705,0.168079,1.13345)     (-0.0562009,0.294772,0.959092)     (0.0662446,0.0455131,1.09129)     (0.109361,0.000605063,1.03385)     (0.235605,0.17518,1.16814)     (0.049346,-0.0140755,1.15131)     (0.324183,0.115251,1.06805)     (0.257581,0.0657027,1.09593)     
End frame 86;
At time 1414671398 Begin frame 87: (0.180037,0.217391,1.0968)     (0.17639,0.244808,1.08726)     (0.161878,0.376935,1.03253)     (0.20558,0.479732,0.934861)     (0.0806008,0.353816,1.03406)     (-0.0549807,0.323044,0.864431)     (-0.116321,0.229786,0.759755)     (-0.142877,0.234245,0.725472)     (0.318038,0.393492,1.12904)     (0.413744,0.291054,1.16934)     (0.475985,0.0883657,1.11386)     (0.491823,0.0421756,1.10873)     (0.129379,0.160242,1.0908)     (-0.055595,0.289699,0.932729)     (0.0625388,0.0446297,1.0659)     (0.106501,0.000295819,1.01578)     (0.238608,0.166639,1.14785)     (0.0462402,-0.0146622,1.13006)     (0.320452,0.117728,1.04439)     (0.2526,0.0700945,1.07678)     
End frame 87;
At time 1414671398 Begin frame 88: (0.187443,0.200198,1.0691)     (0.181445,0.228915,1.05982)     (0.156692,0.360737,1.00531)     (0.204934,0.465082,0.907872)     (0.0831063,0.34072,1.00413)     (-0.0608537,0.318222,0.846421)     (-0.15242,0.260107,0.73564)     (-0.183299,0.261763,0.70492)     (0.282948,0.377795,1.06708)     (0.413015,0.297732,1.11901)     (0.463396,0.105489,1.05215)     (0.478101,0.0518678,1.03567)     (0.141977,0.149837,1.06709)     (-0.0495756,0.281163,0.913081)     (-0.203432,0.353571,0.753432)     (-0.208487,0.349433,0.671455)     (0.244189,0.156358,1.10383)     (0.0479459,-0.0232852,1.10148)     (0.326969,0.117603,1.01597)     (0.258221,0.0714098,1.04883)     
End frame 88;
At time 1414671398 Begin frame 89: (0.190193,0.191387,1.03446)     (0.183393,0.21912,1.0239)     (0.153329,0.348796,0.971797)     (0.203951,0.45137,0.875049)     (0.0866295,0.329789,0.977672)     (-0.0674909,0.323483,0.910041)     (-0.0907794,0.292582,0.784386)     (-0.132804,0.259673,0.760174)     (0.317283,0.348572,1.03883)     (0.445374,0.26979,1.07629)     (0.434845,0.121578,0.98082)     (0.447435,0.0628316,0.954153)     (0.145914,0.143808,1.04346)     (-0.0458461,0.275744,0.889999)     (-0.25758,0.421913,0.659981)     (-0.263674,0.421893,0.577742)     (0.253183,0.141605,1.06316)     (0.0531225,-0.0385627,1.05848)     (0.328519,0.101406,0.973541)     (0.258541,0.0549666,1.00268)     
End frame 89;
At time 1414671398 Begin frame 90: (0.192893,0.186419,1.01332)     (0.185812,0.213353,1.00088)     (0.152404,0.338058,0.936783)     (0.20343,0.437957,0.840096)     (0.0900497,0.318708,0.949326)     (-0.0612023,0.35663,0.942407)     (-0.0909659,0.318084,0.784462)     (-0.108998,0.273852,0.781972)     (0.338863,0.315632,0.999135)     (0.47272,0.256845,1.02859)     (0.406117,0.110345,0.905146)     (0.394145,0.053276,0.870414)     (0.148334,0.139819,1.02876)     (-0.0410991,0.268552,0.867686)     (-0.278652,0.445965,0.599717)     (-0.287839,0.43623,0.520511)     (0.261994,0.134652,1.0371)     (0.0600392,-0.0467388,1.01975)     (0.343687,0.102289,0.937258)     (0.330525,0.0334341,0.950707)     
End frame 90;
At time 1414671398 Begin frame 91: (0.195679,0.178065,0.985054)     (0.189771,0.202821,0.969457)     (0.162886,0.317772,0.895168)     (0.210757,0.416412,0.797211)     (0.0947855,0.307966,0.922333)     (-0.0603759,0.356759,0.947132)     (-0.0656222,0.320868,0.778544)     (-0.0716982,0.265073,0.779672)     (0.342911,0.291532,0.951844)     (0.489424,0.250896,0.941745)     (0.368247,0.147405,0.841345)     (0.333692,0.105965,0.811022)     (0.148776,0.134976,1.01101)     (-0.0329262,0.261417,0.83868)     (-0.259313,0.445217,0.562197)     (-0.271172,0.430315,0.483229)     (0.266735,0.12686,1.00876)     (0.0622082,-0.0533466,0.99144)     (0.351598,0.101436,0.910727)     (0.373097,0.0192736,0.916107)     
End frame 91;
At time 1414671398 Begin frame 92: (0.198553,0.166886,0.960607)     (0.193978,0.190818,0.94495)     (0.173021,0.30289,0.87031)     (0.218243,0.400687,0.769737)     (0.101752,0.296529,0.90094)     (-0.0535069,0.350704,0.933488)     (-0.0423522,0.31568,0.76204)     (-0.0441718,0.254831,0.765142)     (0.336222,0.276943,0.916362)     (0.492987,0.29568,0.835578)     (0.553654,0.326792,0.747348)     (0.600117,0.343085,0.722884)     (0.149112,0.127284,0.989704)     (-0.0218269,0.255758,0.809614)     (-0.231988,0.447704,0.529004)     (-0.245447,0.434199,0.450136)     (0.267374,0.116943,0.980439)     (0.0615872,-0.0604957,0.963508)     (0.353992,0.0967159,0.884289)     (0.389605,0.00772906,0.890673)     
End frame 92;
At time 1414671398 Begin frame 93: (0.200085,0.161224,0.948929)     (0.196687,0.180648,0.932871)     (0.183123,0.228394,0.889672)     (0.209246,0.336584,0.788772)     (0.100848,0.234383,0.904061)     (-0.00398746,0.342299,0.899832)     (0.0325312,0.166018,0.882912)     (0.0217027,0.146012,0.85313)     (0.30664,0.234554,0.88516)     (0.435413,0.314886,0.768857)     (0.342109,0.369844,0.899917)     (0.385301,0.415321,0.877753)     (0.149573,0.120292,0.977688)     (-0.00935494,0.248822,0.780683)     (-0.196657,0.433918,0.487337)     (-0.211717,0.408087,0.418)     (0.270077,0.113504,0.965286)     (0.0509162,-0.0432358,0.929135)     (0.360104,0.118651,0.854725)     (0.396078,0.0243661,0.862786)     
End frame 93;
At time 1414671398 Begin frame 94: (0.200055,0.155938,0.941515)     (0.197188,0.170595,0.926796)     (0.190172,0.189815,0.895132)     (0.201677,0.2881,0.796013)     (0.117969,0.192325,0.897627)     (0.032967,0.326159,0.881759)     (0.0607437,0.123256,0.905047)     (0.0589226,0.0660996,0.90644)     (0.273672,0.196663,0.865436)     (0.357997,0.332072,0.820083)     (0.295369,0.39567,0.917189)     (0.318136,0.444439,0.935404)     (0.149853,0.116546,0.971031)     (-0.0111089,0.241076,0.759034)     (-0.185328,0.38187,0.48738)     (-0.207099,0.355265,0.417444)     (0.245553,0.115354,0.946846)     (0.0389272,-0.0437451,0.905996)     (0.365299,0.131614,0.836758)     (0.398701,0.0368036,0.844044)     
End frame 94;
At time 1414671398 Begin frame 95: (0.217527,0.178904,0.908142)     (0.218143,0.184693,0.899602)     (0.2263,0.181916,0.883517)     (0.215326,0.250203,0.773016)     (0.131686,0.131238,0.885233)     (0.0430524,0.224036,0.939849)     (0.197768,0.145867,0.894379)     (0.179563,0.0646711,0.912684)     (0.283244,0.175981,0.857956)     (0.361793,0.326795,0.846057)     (0.266213,0.350295,0.833341)     (0.243529,0.38796,0.822639)     (0.162698,0.138025,0.957678)     (-0.0156547,0.232775,0.736151)     (-0.189082,0.305721,0.490631)     (-0.201719,0.266014,0.428276)     (0.237919,0.154606,0.901685)     (0.0401291,-0.0390016,0.894787)     (0.388465,0.069147,0.828533)     (0.388372,0.00131122,0.826902)     
End frame 95;
At time 1414671398 Begin frame 96: (0.135027,0.13837,0.884618)     (0.132558,0.151026,0.892091)     (0.10007,0.224856,0.934832)     (0.112295,0.276101,0.817625)     (0.0224137,0.121287,0.926376)     (-0.0689535,0.204572,1.00498)     (0.0776164,0.19009,0.946337)     (0.103528,0.237574,0.938643)     (0.277659,0.184613,0.853354)     (0.38675,0.166502,0.838989)     (0.204439,0.242138,0.837305)     (0.162064,0.336864,0.843557)     (0.0692723,0.067785,0.857611)     (-0.0404897,0.249793,0.646257)     (-0.149092,0.371644,0.444143)     (-0.165259,0.404474,0.380227)     (0.202406,0.101731,0.866348)     (-0.0123429,-0.0879549,0.857046)     (0.195967,0.0667253,0.826331)     (0.299195,0.0272737,0.815448)     
End frame 96;
At time 1414671398 Begin frame 97: (0,0,0)     (0,0,0)     (0.113886,0.206048,0.894064)     (0.122392,0.248874,0.791006)     (0.00712273,0.103514,0.911801)     (-0.0806185,0.176763,1.0016)     (0.121046,0.184545,0.896258)     (0.242048,0.207897,0.867026)     (0.306198,0.176687,0.805986)     (0.247023,0.179639,0.849767)     (0.0659037,0.279209,0.841928)     (0.0309854,0.334476,0.837344)     (0,0,0)     (-0.0246917,0.215092,0.428145)     (0.0965581,0.242745,0.778175)     (0.159382,0.228332,0.770777)     (0,0,0)     (0.0151897,0.0155426,0.476459)     (0.17946,0.1772,0.451894)     (0.197609,0.170169,0.534259)     
End frame 97;
At time 1414671398 Begin frame 98: (0,0,0)     (0,0,0)     (0,0,0)     (0.0273092,0.0680068,0.335958)     (0.029796,0.153497,0.904344)     (-0.0828002,0.184445,1.00516)     (0.128149,0.206127,0.874628)     (0.212159,0.219027,0.84856)     (0,0,0)     (0.0605266,0.0503947,0.252817)     (0.0447382,0.110912,0.437758)     (0.0405099,0.133007,0.498635)     (0,0,0)     (0,0,0)     (0.0648026,0.129679,0.375115)     (0.0910326,0.145045,0.454158)     (0,0,0)     (0,0,0)     (0.0263641,0.0555557,0.318954)     (0.0429279,0.0912119,0.400069)     
End frame 98;
