At time 1414671309
Begin frame 0:
(-0.0227905,0.256528,2.08148)     (-0.0298991,0.271564,2.08742)     (-0.0571738,0.353628,2.08063)     (-0.122021,0.518488,2.09251)     (-0.160922,0.26565,2.01865)     (-0.115408,0.135188,1.94259)     (-0.0534873,0.0975457,1.74401)     (-0.0328469,0.0849982,1.68081)     (0.0480115,0.251783,2.05307)     (0.220907,0.151161,2.06998)     (0.264618,0.0982704,1.86998)     (0.29326,0.0502039,1.76564)     (-0.053087,0.212449,2.06013)     (0.216441,0.121973,2.12387)     (0.342052,0.0199442,2.30519)     (0.322211,0.016984,2.22372)     (0.0409332,0.206209,2.09495)     (0.289783,0.0224838,2.33489)     (0.503006,0.0416417,2.30927)     (0.469061,0.0384682,2.2326)     
End frame 0;
At time 1414671309
Begin frame 1:
(-0.0221813,0.243409,2.07906)     (-0.0303208,0.262305,2.0855)     (-0.0601286,0.353433,2.07946)     (-0.123753,0.51861,2.09202)     (-0.161289,0.265856,2.01853)     (-0.117779,0.140997,1.94488)     (-0.0575886,0.107277,1.75428)     (-0.0375251,0.0960367,1.6937)     (0.0474873,0.251975,2.05205)     (0.1922,0.169974,2.01683)     (0.252811,0.109259,1.83452)     (0.293287,0.0649819,1.73335)     (-0.0520913,0.201401,2.06059)     (0.22309,0.121834,2.097)     (0.343383,0.0211237,2.27808)     (0.321436,0.0190364,2.19789)     (0.041922,0.194289,2.09035)     (0.289477,0.0223817,2.33448)     (0.500629,0.0445324,2.3116)     (0.467179,0.0411792,2.23551)     
End frame 1;
At time 1414671309
Begin frame 2:
(0.00722736,0.215159,2.06856)     (-0.00783388,0.237786,2.07655)     (-0.0611885,0.353232,2.07847)     (-0.124862,0.518269,2.09032)     (-0.161432,0.265971,2.01841)     (-0.11835,0.142435,1.94525)     (-0.0597466,0.111081,1.75689)     (-0.0400587,0.100366,1.69668)     (0.0471023,0.251904,2.05063)     (0.174464,0.190626,1.9615)     (0.246523,0.116303,1.82964)     (0.297926,0.0916909,1.67549)     (-0.0162676,0.178491,2.05383)     (0.251681,0.167214,2.04998)     (0.359627,0.037959,2.25588)     (0.333254,0.0342637,2.17901)     (0.0774338,0.169079,2.07579)     (0.289418,0.0223944,2.33382)     (0.133294,-0.00848694,2.2501)     (0.131528,-0.00687216,2.16954)     
End frame 2;
At time 1414671309
Begin frame 3:
(0.00914497,0.207324,2.0587)     (-0.0054156,0.230326,2.0708)     (-0.063649,0.352345,2.07696)     (-0.126521,0.51755,2.08863)     (-0.161619,0.266151,2.0185)     (-0.119006,0.144105,1.94571)     (0.0108341,0.137926,1.84494)     (0.0613786,0.135186,1.8204)     (0.0457109,0.250598,2.04659)     (0.174872,0.201192,1.94827)     (0.245981,0.121138,1.84893)     (0.268615,0.132428,1.79265)     (-0.0139193,0.173777,2.0442)     (0.142228,0.340824,2.07533)     (0.249226,0.187948,2.25872)     (0.23427,0.17067,2.18038)     (0.0755902,0.16143,2.05122)     (0.266244,0.0279637,2.3026)     (0.0561877,0.0539101,2.29239)     (0.0566382,0.0499209,2.20982)     
End frame 3;
At time 1414671309
Begin frame 4:
(0.0102025,0.193963,2.05076)     (-0.00448968,0.220516,2.06577)     (-0.0671866,0.35042,2.07454)     (-0.128831,0.516277,2.08574)     (-0.162117,0.266616,2.01931)     (-0.119761,0.14602,1.94619)     (0.0521391,0.168243,1.89862)     (0.113101,0.17357,1.88716)     (0.0429621,0.247735,2.03852)     (0.170588,0.214735,1.92749)     (0.237486,0.1516,1.82537)     (0.254958,0.168401,1.76347)     (-0.0118212,0.162151,2.03995)     (0.0955574,0.407888,2.05397)     (0.219906,0.223848,2.23085)     (0.203198,0.206653,2.15392)     (0.0766967,0.14539,2.03851)     (0.260758,0.0268192,2.29147)     (0.0340506,0.0860301,2.31912)     (0.0318159,0.0811789,2.23699)     
End frame 4;
At time 1414671309
Begin frame 5:
(-0.0256612,0.198063,2.03655)     (-0.0338069,0.218498,2.05464)     (-0.070673,0.347312,2.07215)     (-0.131151,0.513866,2.08269)     (-0.162427,0.266083,2.01997)     (-0.120084,0.146867,1.94642)     (0.0645027,0.176785,1.91018)     (0.0899996,0.174838,1.84843)     (0.0406093,0.244959,2.03092)     (0.166727,0.218891,1.88587)     (0.221214,0.175436,1.76269)     (0.234452,0.19088,1.72822)     (-0.0545289,0.163081,2.03027)     (0.115518,0.348055,2.015)     (0.19928,0.216357,2.21093)     (0.18219,0.206131,2.13464)     (0.0333572,0.151648,2.01502)     (0.235492,0.0423897,2.25657)     (-0.0141971,0.0843924,2.28446)     (-0.0126466,0.0803513,2.20349)     
End frame 5;
At time 1414671309
Begin frame 6:
(-0.0408548,0.19477,2.02615)     (-0.0446534,0.21422,2.04811)     (-0.0731473,0.344338,2.0702)     (-0.133388,0.510658,2.07943)     (-0.16275,0.265207,2.02081)     (-0.119965,0.146938,1.94663)     (0.0298974,0.165413,1.85167)     (0.0647526,0.169951,1.79744)     (0.0371693,0.241546,2.02165)     (0.151336,0.24579,1.8592)     (0.197186,0.212152,1.7017)     (0.207172,0.224544,1.67046)     (-0.0753392,0.158892,2.02166)     (0.122045,0.327914,1.94889)     (0.173257,0.191655,2.1696)     (0.15864,0.179175,2.09259)     (0.00987806,0.148256,1.99574)     (0.228603,0.0448975,2.24452)     (-0.00856397,0.0855537,2.28)     (-0.00855273,0.0817834,2.19856)     
End frame 6;
At time 1414671309
Begin frame 7:
(-0.0478494,0.192734,2.02108)     (-0.049972,0.211476,2.0447)     (-0.0749931,0.341259,2.0685)     (-0.134987,0.507146,2.07646)     (-0.163161,0.263972,2.02196)     (-0.119494,0.146318,1.94673)     (0.00298485,0.159375,1.81292)     (0.028561,0.165211,1.74866)     (0.0328813,0.237907,2.01149)     (0.140182,0.252902,1.85231)     (0.148957,0.229518,1.71733)     (0.166077,0.235452,1.67329)     (-0.0836455,0.155543,2.01906)     (0.143189,0.157084,1.9057)     (0.210107,0.0636435,2.16451)     (0.189762,0.064349,2.08533)     (-0.000682498,0.142536,1.97916)     (0.225696,0.0391695,2.23352)     (0.0141745,0.103822,2.29353)     (0.0118262,0.0983668,2.21167)     
End frame 7;
At time 1414671309
Begin frame 8:
(-0.0520254,0.191362,2.01785)     (-0.0531065,0.209688,2.04254)     (-0.0757378,0.339096,2.06723)     (-0.134452,0.504117,2.07308)     (-0.16353,0.262596,2.02333)     (-0.118646,0.144941,1.94663)     (0.0123319,0.173855,1.82358)     (0.0240639,0.173259,1.74949)     (0.0294243,0.235275,2.00215)     (0.161015,0.217061,1.89012)     (0.0869632,0.261185,1.80102)     (0.0749595,0.276876,1.75264)     (-0.08881,0.153376,2.01748)     (0.15885,0.0798903,1.88053)     (0.210562,0.0313127,2.15459)     (0.190408,0.0328928,2.07609)     (-0.00634647,0.139542,1.96991)     (0.22522,0.0343285,2.22628)     (0.0532963,0.0987644,2.3313)     (0.0478205,0.0944691,2.24906)     
End frame 8;
At time 1414671309
Begin frame 9:
(-0.0552005,0.190425,2.01556)     (-0.0552894,0.208442,2.04096)     (-0.0756545,0.337336,2.06567)     (-0.131649,0.501709,2.06813)     (-0.167626,0.280575,2.05405)     (-0.118368,0.145589,1.9482)     (0.0306373,0.203369,1.86795)     (0.0852627,0.2175,1.44013)     (0.0261007,0.232768,1.99319)     (0.145921,0.21122,1.89166)     (0.0576571,0.291728,1.80083)     (0.027731,0.319283,1.78827)     (-0.107038,0.144016,2.02486)     (0.11859,0.141379,1.8548)     (0.180907,0.0866878,2.13289)     (0.155567,0.112417,2.05476)     (-0.0103955,0.137945,1.9644)     (0.229725,0.00416587,2.20856)     (0.0984652,0.109609,2.3369)     (0.0905253,0.103957,2.2561)     
End frame 9;
At time 1414671309
Begin frame 10:
(-0.0589125,0.24551,2.01225)     (-0.0505366,0.269841,2.03386)     (-0.0584168,0.426751,2.04083)     (-0.138292,0.550725,2.04439)     (-0.174876,0.32711,2.0857)     (-0.142974,0.20009,1.98558)     (-0.0893568,0.146548,1.91396)     (-0.0907286,0.147298,1.82122)     (0.0264273,0.308464,1.96226)     (0.0998061,0.278437,1.80026)     (0.0653501,0.286292,1.61648)     (0.0383486,0.288835,1.55559)     (-0.119422,0.189784,2.03086)     (0.110787,0.0919157,1.82556)     (0.217328,0.0450289,2.06925)     (0.192196,0.0444009,1.99161)     (-0.00798379,0.202358,1.97042)     (0.126012,-0.0197094,1.93223)     (0.226412,-0.0367687,2.1751)     (0.203634,-0.027282,2.09839)     
End frame 10;
At time 1414671309
Begin frame 11:
(-0.0590857,0.280963,2.01144)     (-0.0456989,0.309004,2.02954)     (-0.0535159,0.418504,2.02799)     (-0.124908,0.553937,2.03468)     (-0.173542,0.360907,2.10418)     (-0.16859,0.233709,2.02259)     (-0.12945,0.148234,1.93361)     (-0.155911,0.133332,1.853)     (0.0261511,0.31469,1.94951)     (0.0666856,0.287611,1.75419)     (0.0102257,0.317906,1.57466)     (-0.0157174,0.331051,1.45692)     (-0.116365,0.230346,2.03276)     (0.0110537,0.0209812,1.82632)     (0.175692,-0.0198553,2.04708)     (0.156937,-0.0121695,1.96606)     (-0.00602466,0.236104,1.97503)     (0.110271,-0.027639,1.8703)     (0.273157,-0.0600502,2.14717)     (0.245618,-0.0494015,2.06969)     
End frame 11;
At time 1414671309
Begin frame 12:
(-0.0556028,0.297638,2.01025)     (-0.0422775,0.32353,2.02758)     (-0.0415076,0.428853,2.02058)     (-0.119371,0.561899,2.02911)     (-0.148346,0.370833,2.08429)     (-0.21805,0.274747,2.08472)     (-0.183544,0.182923,1.96654)     (-0.187187,0.145063,1.92034)     (0.0297074,0.322845,1.94203)     (0.0449464,0.320372,1.72058)     (-0.00205429,0.353968,1.53852)     (-0.0593408,0.380304,1.37409)     (-0.102353,0.260805,2.02412)     (-0.0499731,-0.0102784,1.83316)     (0.140922,-0.0455273,2.0416)     (0.123772,-0.0365449,1.96081)     (-0.00399535,0.251186,1.97797)     (0.112766,-0.0115945,1.86246)     (0.272811,-0.0665127,2.13053)     (0.282616,-0.0691222,2.17493)     
End frame 12;
At time 1414671309
Begin frame 13:
(-0.0502397,0.312048,2.00665)     (-0.0366954,0.339975,2.02115)     (-0.0378899,0.466309,1.99264)     (-0.111527,0.588237,2.01091)     (-0.125727,0.432896,2.03126)     (-0.195948,0.329606,2.08418)     (-0.199404,0.212719,1.97882)     (-0.181645,0.158946,1.95819)     (0.0325102,0.347376,1.92187)     (0.0308675,0.361562,1.68718)     (-0.0134948,0.402411,1.52241)     (-0.0751499,0.427248,1.39364)     (-0.0829024,0.287723,2.00748)     (-0.0919786,-0.0123195,1.85375)     (0.106982,-0.0446607,2.06007)     (0.0935635,-0.0366281,1.9784)     (-0.00170028,0.266388,1.98479)     (0.0719498,0.0230356,1.84278)     (0.226259,-0.0268795,2.10898)     (0.254752,-0.037839,2.17227)     
End frame 13;
At time 1414671309
Begin frame 14:
(-0.0432022,0.331217,1.99897)     (-0.0309634,0.367036,2.00582)     (-0.0490084,0.517101,1.96234)     (-0.115214,0.640416,1.98117)     (-0.112327,0.477446,1.98727)     (-0.183361,0.366803,2.0778)     (-0.200976,0.229609,1.98285)     (-0.176742,0.171415,1.96351)     (0.0255231,0.395673,1.89131)     (0.0407382,0.401157,1.66797)     (0.00572841,0.459108,1.51058)     (-0.0630544,0.48765,1.41088)     (-0.0658503,0.310813,1.99382)     (-0.117463,0.0409365,1.89465)     (0.075584,-0.0268064,2.07639)     (0.114331,-0.0257015,2.10781)     (-0.00237476,0.297162,1.99365)     (0.0557006,0.0648785,1.85724)     (0.207662,0.00702209,2.10879)     (0.240756,-0.00968668,2.18756)     
End frame 14;
At time 1414671309
Begin frame 15:
(-0.0356086,0.355378,1.98842)     (-0.0270501,0.393834,1.99169)     (-0.0542636,0.565231,1.94267)     (-0.115595,0.684414,1.96225)     (-0.107422,0.517022,1.95425)     (-0.171691,0.385721,2.06519)     (-0.199395,0.241484,1.98216)     (-0.173945,0.178015,1.96529)     (0.0237436,0.437308,1.87207)     (0.0511747,0.42094,1.66404)     (-0.000286316,0.504022,1.50364)     (-0.0541645,0.533413,1.42332)     (-0.0544259,0.33166,1.98066)     (-0.124328,0.0818317,1.91879)     (0.0624969,0.00885397,2.09698)     (0.110871,-0.0121719,2.14844)     (-0.00190422,0.316515,1.99736)     (0.0369496,0.103137,1.85688)     (0.167459,-0.0489238,1.93933)     (0.146021,-0.102806,1.89381)     
End frame 15;
At time 1414671309
Begin frame 16:
(-0.0312252,0.366814,1.98273)     (-0.0246986,0.405906,1.98451)     (-0.0550079,0.583129,1.93372)     (-0.114742,0.705114,1.95213)     (-0.103382,0.533948,1.93831)     (-0.162172,0.395718,2.05265)     (-0.191159,0.249664,1.97679)     (-0.170049,0.184357,1.96396)     (0.0239202,0.457297,1.8617)     (0.0577022,0.439895,1.6579)     (0.00119879,0.531365,1.50583)     (-0.0426569,0.58379,1.44304)     (-0.048464,0.341743,1.97436)     (-0.118543,0.116011,1.92577)     (0.0642125,0.0486947,2.10574)     (0.122851,0.0228975,2.18287)     (-0.000955114,0.327238,1.99846)     (0.0320724,0.128254,1.87143)     (0.12992,-0.0726107,1.85137)     (0.118639,-0.118175,1.8281)     
End frame 16;
At time 1414671309
Begin frame 17:
(-0.0278383,0.373256,1.97951)     (-0.0209054,0.408958,1.98111)     (-0.000770303,0.491222,1.96654)     (-0.0892003,0.643354,1.93357)     (-0.0765261,0.51985,1.91515)     (-0.154229,0.393832,2.03065)     (-0.180712,0.253,1.96892)     (-0.161942,0.189407,1.94899)     (0.0666934,0.409184,1.87599)     (0.0843088,0.425253,1.68848)     (0.0220347,0.529443,1.54891)     (-0.0232508,0.614838,1.47565)     (-0.0449359,0.347913,1.97035)     (-0.107229,0.130951,1.92211)     (0.0650442,0.0636647,2.10676)     (0.137798,0.0428455,2.16875)     (0.00084747,0.331439,1.99836)     (0.0359918,0.139309,1.8815)     (0.118122,-0.0781338,1.82164)     (0.110381,-0.125495,1.77612)     
End frame 17;
At time 1414671309
Begin frame 18:
(-0.0229089,0.376137,1.97741)     (-0.0123395,0.402921,1.98036)     (0.0136968,0.479654,1.96894)     (-0.0777505,0.581695,1.92557)     (-0.151116,0.389083,2.02143)     (-0.123753,0.364314,1.94293)     (-0.175538,0.250796,1.96439)     (-0.158571,0.187401,1.93912)     (0.0897526,0.379614,1.88632)     (0.104049,0.417819,1.70645)     (0.0380346,0.533635,1.57205)     (-0.0192873,0.628053,1.49622)     (-0.0499871,0.339317,1.96407)     (-0.0963122,0.125021,1.91034)     (0.0701465,0.0631822,2.10403)     (0.137354,0.0405808,2.1752)     (0.0185758,0.32069,1.99581)     (0.0578853,0.132927,1.88024)     (0.111903,-0.0868065,1.80394)     (0.099792,-0.134924,1.74532)     
End frame 18;
At time 1414671309
Begin frame 19:
(-0.014056,0.364863,1.97443)     (-0.00261026,0.380745,1.98004)     (0.0262378,0.453856,1.97729)     (-0.0768451,0.535994,1.9224)     (-0.139927,0.393068,2.00346)     (-0.173547,0.304324,2.00822)     (-0.161259,0.235266,1.93792)     (-0.144189,0.173302,1.91169)     (0.103633,0.351677,1.902)     (0.11742,0.408453,1.72077)     (0.0545494,0.526703,1.59006)     (0.0144675,0.624065,1.51821)     (-0.0597857,0.31174,1.96072)     (-0.0786507,0.100838,1.88477)     (0.0839817,0.04499,2.08858)     (0.141054,0.0293961,2.15919)     (0.0334799,0.302619,1.98774)     (0.0780484,0.110652,1.87048)     (0.141547,-0.0967553,1.83197)     (0.150318,-0.149184,1.78554)     
End frame 19;
At time 1414671309
Begin frame 20:
(-0.00680427,0.356123,1.9725)     (0.00367281,0.36888,1.97959)     (0.0320826,0.442128,1.98009)     (-0.0749099,0.517159,1.91962)     (-0.155323,0.36613,2.02054)     (-0.173576,0.261134,1.98324)     (-0.145171,0.204207,1.89402)     (-0.135642,0.161676,1.89638)     (0.114901,0.329274,1.901)     (0.140988,0.388725,1.72094)     (0.0805287,0.510397,1.5941)     (0.0411629,0.612101,1.52333)     (-0.0616037,0.289427,1.96161)     (-0.0679677,0.0759142,1.86286)     (0.0912084,0.0280579,2.07524)     (0.139447,0.0122908,2.13758)     (0.0452151,0.292623,1.97965)     (0.110794,0.105365,1.84447)     (0.145228,-0.10119,1.82708)     (0.143842,-0.155559,1.76145)     
End frame 20;
At time 1414671309
Begin frame 21:
(-0.002191,0.350474,1.97087)     (0.00724958,0.362423,1.97855)     (0.031471,0.430344,1.97754)     (-0.0735648,0.506292,1.9175)     (-0.161054,0.354637,2.02715)     (-0.180665,0.237725,1.97804)     (-0.129192,0.17698,1.86356)     (-0.117537,0.15055,1.85119)     (0.119406,0.317762,1.89919)     (0.15335,0.37641,1.71741)     (0.0975439,0.495865,1.58878)     (0.0665603,0.584896,1.51429)     (-0.0618461,0.279697,1.9612)     (-0.0609155,0.0681432,1.85275)     (0.0911784,0.0228549,2.07173)     (0.131036,0.00652413,2.13201)     (0.05146,0.287408,1.9754)     (0.0913768,0.0918977,1.83602)     (0.153406,-0.0963638,1.84915)     (0.160495,-0.152091,1.80465)     
End frame 21;
At time 1414671309
Begin frame 22:
(0.000495949,0.341637,1.96687)     (0.00849116,0.353692,1.97495)     (0.0253528,0.421297,1.97146)     (-0.0736612,0.501388,1.91646)     (-0.165411,0.345484,2.03013)     (-0.183731,0.220549,1.96266)     (-0.114292,0.1568,1.84362)     (-0.0947776,0.134271,1.81873)     (0.122038,0.310587,1.89822)     (0.170672,0.349786,1.71381)     (0.120946,0.45863,1.57703)     (0.0795388,0.552022,1.48902)     (-0.0629243,0.268965,1.95719)     (-0.0496661,0.0577792,1.84077)     (0.0917055,0.0164229,2.0674)     (0.126829,0.000959609,2.12665)     (0.0559163,0.278901,1.96942)     (0.0853415,0.078132,1.83277)     (0.156979,-0.0999661,1.85026)     (0.163945,-0.154291,1.80623)     
End frame 22;
At time 1414671310
Begin frame 23:
(0.000718724,0.333263,1.96248)     (0.00715318,0.345155,1.96995)     (0.0142835,0.410266,1.96029)     (-0.0720171,0.504139,1.91414)     (-0.167726,0.340594,2.02941)     (-0.183949,0.218809,1.93906)     (-0.104739,0.141574,1.84117)     (-0.0845193,0.122679,1.81402)     (0.123934,0.306208,1.898)     (0.185044,0.322751,1.71439)     (0.148145,0.407066,1.55999)     (0.102292,0.494621,1.46002)     (-0.0642337,0.262117,1.95417)     (-0.0412864,0.051269,1.83261)     (0.101105,0.00928232,2.05901)     (0.134141,-0.00458799,2.11652)     (0.0564741,0.269256,1.96363)     (0.0814545,0.0657703,1.82942)     (0.159445,-0.108835,1.84765)     (0.16434,-0.159419,1.80234)     
End frame 23;
At time 1414671310
Begin frame 24:
(-0.00634448,0.325989,1.95213)     (-0.00528545,0.337427,1.95451)     (-0.0212985,0.387941,1.9294)     (-0.0715131,0.510686,1.90938)     (-0.159065,0.369062,1.99861)     (-0.174372,0.237418,1.93259)     (-0.113791,0.141572,1.84099)     (-0.0910941,0.115654,1.81292)     (0.134114,0.301752,1.89043)     (0.200217,0.296904,1.70204)     (0.171683,0.354022,1.52833)     (0.127079,0.41863,1.43842)     (-0.0656215,0.257809,1.95139)     (-0.0354218,0.0471136,1.82751)     (0.10514,0.00439567,2.05553)     (0.141362,-0.019857,2.1078)     (0.0557998,0.262483,1.95941)     (0.0782353,0.0581184,1.82768)     (0.163872,-0.115153,1.84658)     (0.166381,-0.163831,1.80135)     
End frame 24;
At time 1414671310
Begin frame 25:
(-0.00910394,0.322737,1.9465)     (-0.00949105,0.334153,1.94771)     (-0.023483,0.392008,1.92216)     (-0.0679704,0.522925,1.90454)     (-0.150999,0.398435,1.97609)     (-0.166269,0.259879,1.9319)     (-0.126798,0.149032,1.84716)     (-0.102449,0.112876,1.8182)     (0.158535,0.313936,1.88933)     (0.213757,0.279051,1.70166)     (0.20794,0.279923,1.52228)     (0.165738,0.329405,1.42193)     (-0.0671187,0.255018,1.94794)     (-0.0318007,0.0438107,1.82287)     (0.109367,0.000720426,2.05144)     (0.14527,-0.0227374,2.10337)     (0.0554133,0.25668,1.95451)     (0.0736282,0.0452481,1.82598)     (0.181266,-0.116503,1.85957)     (0.202094,-0.162017,1.81961)     
End frame 25;
At time 1414671310
Begin frame 26:
(-0.0107015,0.321103,1.94191)     (-0.0118487,0.332697,1.94252)     (-0.0229085,0.397673,1.91705)     (-0.0620953,0.533577,1.8998)     (-0.144903,0.416261,1.96461)     (-0.158583,0.279164,1.9259)     (-0.138381,0.155597,1.85534)     (-0.115182,0.112005,1.82701)     (0.171327,0.320603,1.88723)     (0.235066,0.241545,1.71559)     (0.230863,0.218467,1.52474)     (0.200783,0.237177,1.41489)     (-0.0680397,0.25377,1.94368)     (-0.0297749,0.0414816,1.81914)     (0.115061,0.00254966,2.04531)     (0.154449,-0.01337,2.09571)     (0.0549923,0.252824,1.95064)     (0.0683543,0.0367077,1.82439)     (0.210957,-0.0788691,1.90203)     (0.259226,-0.118839,1.88529)     
End frame 26;
At time 1414671310
Begin frame 27:
(-0.0100597,0.320927,1.93594)     (-0.0110711,0.333285,1.93569)     (-0.016714,0.404658,1.91084)     (-0.0493574,0.545967,1.89356)     (-0.140924,0.424338,1.95857)     (-0.154799,0.288201,1.92095)     (-0.143232,0.158019,1.85777)     (-0.122789,0.111252,1.83167)     (0.181651,0.325851,1.88319)     (0.233703,0.240185,1.71552)     (0.232067,0.200938,1.52335)     (0.232565,0.147373,1.37997)     (-0.0679628,0.253495,1.93852)     (-0.0298822,0.0389168,1.81468)     (0.118145,0.00308159,2.04092)     (0.158513,-0.0095346,2.09133)     (0.0551846,0.250159,1.94686)     (0.0649972,0.0300558,1.82315)     (0.22823,-0.0395454,1.94111)     (0.294282,-0.0691757,1.95641)     
End frame 27;
At time 1414671310
Begin frame 28:
(-0.00582812,0.322471,1.92795)     (-0.00606867,0.335915,1.92716)     (-0.00680011,0.411622,1.90507)     (-0.0366822,0.554556,1.88672)     (-0.136734,0.419198,1.94689)     (-0.1537,0.286331,1.9128)     (-0.141054,0.156689,1.85071)     (-0.125208,0.109493,1.83144)     (0.190493,0.330366,1.87848)     (0.232992,0.22333,1.74549)     (0.241203,0.157944,1.55504)     (0.240574,0.126176,1.49204)     (-0.066067,0.253243,1.93095)     (-0.0316444,0.0364799,1.80999)     (0.119353,0.00376101,2.03642)     (0.160241,-0.00671345,2.08733)     (0.0579956,0.24882,1.94027)     (0.0630254,0.0261298,1.82241)     (0.232466,-0.0246043,1.95781)     (0.301829,-0.0477393,1.99024)     
End frame 28;
At time 1414671310
Begin frame 29:
(0.0088075,0.326456,1.9161)     (0.0115095,0.342108,1.91465)     (0.0241535,0.426994,1.89558)     (-0.0138901,0.563838,1.87524)     (-0.124295,0.421569,1.93744)     (-0.152539,0.287437,1.89867)     (-0.141722,0.156454,1.84956)     (-0.127276,0.108347,1.83188)     (0.208003,0.339439,1.86923)     (0.210825,0.218409,1.78117)     (0.238122,0.131062,1.60144)     (0.245005,0.0936029,1.54485)     (-0.0589386,0.253678,1.92083)     (-0.034863,0.0328176,1.80486)     (0.11998,0.00329032,2.03288)     (0.161536,-0.00589564,2.08509)     (0.0663852,0.249264,1.92933)     (0.0618946,0.0225191,1.82188)     (0.229138,-0.0254278,1.96803)     (0.304869,-0.044369,2.01019)     
End frame 29;
At time 1414671310
Begin frame 30:
(0.0228551,0.329808,1.90491)     (0.0263996,0.346275,1.90362)     (0.0411115,0.432426,1.88788)     (0.00230165,0.567183,1.86468)     (-0.115651,0.422905,1.93076)     (-0.151135,0.286692,1.88826)     (-0.141971,0.155488,1.84731)     (-0.128979,0.107204,1.83175)     (0.221404,0.344682,1.86024)     (0.225687,0.194715,1.83932)     (0.26576,0.0757493,1.74293)     (0.281736,0.0404031,1.68882)     (-0.0499657,0.254372,1.91008)     (-0.0364677,0.0305998,1.80158)     (0.118756,0.00222643,2.02943)     (0.161516,-0.00552041,2.08322)     (0.0762631,0.250351,1.91814)     (0.0718701,0.0143017,1.8298)     (0.226288,-0.0513338,1.98316)     (0.294881,-0.0722154,2.02504)     
End frame 30;
At time 1414671310
Begin frame 31:
(0.0389816,0.330652,1.88915)     (0.0428296,0.347512,1.88741)     (0.0573157,0.431883,1.87025)     (0.0196545,0.565677,1.84709)     (-0.0949217,0.424966,1.91425)     (-0.150269,0.27463,1.87441)     (-0.138315,0.139643,1.83564)     (-0.134302,0.0976079,1.80472)     (0.235315,0.346582,1.84328)     (0.231607,0.188689,1.87089)     (0.280741,0.0543226,1.81821)     (0.2958,0.0208908,1.75124)     (-0.0358384,0.255261,1.89553)     (-0.0403696,0.0267244,1.79689)     (0.116195,-7.41812e-005,2.02561)     (0.160321,-0.00616468,2.08132)     (0.091215,0.250002,1.90337)     (0.0810581,0.00572048,1.83696)     (0.22469,-0.0670006,1.98908)     (0.279715,-0.113157,2.02486)     
End frame 31;
At time 1414671310
Begin frame 32:
(0.0537941,0.327675,1.8655)     (0.0575293,0.34433,1.86079)     (0.0680368,0.421923,1.8301)     (0.0361981,0.559528,1.8177)     (-0.0825178,0.415312,1.85849)     (-0.145113,0.25397,1.85649)     (-0.134496,0.122311,1.82412)     (-0.137981,0.08705,1.78668)     (0.247593,0.341607,1.80604)     (0.234084,0.186613,1.8855)     (0.286503,0.0596471,1.86559)     (0.29916,0.00950079,1.78864)     (-0.0223383,0.253997,1.88131)     (-0.0460811,0.0234688,1.79162)     (0.107699,-0.00543776,2.01783)     (0.149952,-0.016773,2.07154)     (0.104984,0.24846,1.88799)     (0.0956699,-0.00419547,1.8474)     (0.225615,-0.068588,2.00381)     (0.276061,-0.117326,2.03839)     
End frame 32;
At time 1414671310
Begin frame 33:
(0.0582896,0.324384,1.85147)     (0.0602048,0.34116,1.84506)     (0.0444063,0.419174,1.79971)     (0.0408372,0.558596,1.79957)     (-0.104654,0.386774,1.80589)     (-0.142563,0.241788,1.84779)     (-0.0823285,0.113083,1.80852)     (-0.120347,0.0886135,1.77378)     (0.23667,0.340502,1.77722)     (0.229108,0.217192,1.89126)     (0.285691,0.0767295,1.88161)     (0.301641,0.0165066,1.84757)     (-0.0129618,0.251056,1.86939)     (-0.0506746,0.0195286,1.78716)     (0.101173,-0.0131512,2.0114)     (0.143085,-0.0344965,2.05967)     (0.11444,0.246855,1.87583)     (0.130585,-0.0115814,1.87594)     (0.153899,-0.0889844,2.05108)     (0.155458,-0.149623,2.08086)     
End frame 33;
At time 1414671310
Begin frame 34:
(0.0586491,0.311546,1.83734)     (0.0583704,0.334916,1.83266)     (0.00876866,0.43772,1.77816)     (0.0400106,0.569943,1.77299)     (-0.0749686,0.397117,1.78145)     (-0.135394,0.241062,1.83712)     (-0.0846569,0.110787,1.79542)     (-0.124781,0.0906528,1.76315)     (0.209735,0.354417,1.75046)     (0.226994,0.238544,1.88645)     (0.290152,0.0796712,1.89178)     (0.30732,0.0221474,1.87418)     (0.000561694,0.246631,1.8538)     (-0.0536131,0.0164779,1.78301)     (0.0970754,-0.0181477,2.00627)     (0.138798,-0.0405142,2.05518)     (0.120039,0.244206,1.86501)     (0.140362,-0.0151503,1.88105)     (0.152136,-0.0804532,2.06591)     (0.183523,-0.0879402,2.11909)     
End frame 34;
At time 1414671310
Begin frame 35:
(0.0629462,0.298095,1.82283)     (0.0602282,0.323168,1.81603)     (0.00599203,0.435886,1.76091)     (0.0450849,0.565519,1.74653)     (-0.0507214,0.398615,1.76659)     (-0.122063,0.23788,1.82213)     (-0.0546376,0.113142,1.77857)     (-0.108345,0.0950073,1.75019)     (0.205773,0.353971,1.73163)     (0.233333,0.250296,1.87628)     (0.298976,0.0721823,1.91656)     (0.291841,0.0361205,1.86204)     (0.0149662,0.242206,1.83897)     (-0.0544638,0.013313,1.77705)     (0.0954564,-0.0242005,1.99912)     (0.135976,-0.0484318,2.04899)     (0.132068,0.235632,1.84585)     (0.140324,-0.022637,1.86872)     (0.16898,-0.0429253,2.05633)     (0.203043,-0.0274614,2.1069)     
End frame 35;
At time 1414671310
Begin frame 36:
(0.0837183,0.283183,1.79298)     (0.0799079,0.308372,1.78456)     (0.0400044,0.425081,1.73306)     (0.0671062,0.555541,1.71353)     (-0.0268445,0.383703,1.74098)     (-0.140374,0.260301,1.76474)     (-0.0384568,0.125252,1.76428)     (-0.040417,0.096792,1.75812)     (0.224305,0.347313,1.70396)     (0.248708,0.255563,1.85317)     (0.312319,0.0750023,1.90515)     (0.291679,0.0426293,1.87974)     (0.0369865,0.233026,1.81266)     (-0.0533098,0.0078852,1.76661)     (0.0940286,-0.0314527,1.98965)     (0.133761,-0.0546481,2.04232)     (0.15486,0.221314,1.81777)     (0.137561,-0.0295881,1.85985)     (0.297608,-0.00159488,1.91693)     (0.332408,-0.0060849,1.90915)     
End frame 36;
At time 1414671310
Begin frame 37:
(0.0967553,0.27505,1.77424)     (0.0932409,0.299711,1.76443)     (0.0718031,0.414066,1.71126)     (0.0879364,0.545462,1.68828)     (0.0118349,0.39076,1.71337)     (-0.105446,0.304653,1.67727)     (-0.0252288,0.156008,1.7352)     (-0.0650475,0.138059,1.7486)     (0.24312,0.340019,1.68219)     (0.274379,0.261634,1.82205)     (0.333013,0.114067,1.86243)     (0.293708,0.0756025,1.86311)     (0.0527761,0.228286,1.79279)     (0.0315306,-0.01431,1.75478)     (0.145501,-0.0364604,1.99628)     (0.166657,-0.0524486,2.05271)     (0.167025,0.211976,1.79865)     (0.127817,-0.0389284,1.83201)     (0.317652,0.0127133,1.88712)     (0.375808,0.0168733,1.85893)     
End frame 37;
At time 1414671310
Begin frame 38:
(0.111161,0.267986,1.75532)     (0.107476,0.292436,1.74512)     (0.0916594,0.40789,1.6944)     (0.108835,0.53686,1.66504)     (0.0286321,0.391091,1.69985)     (-0.0650307,0.319156,1.61504)     (-0.0439538,0.165651,1.71684)     (-0.089158,0.125845,1.76342)     (0.260523,0.333858,1.66305)     (0.303473,0.257946,1.79462)     (0.379992,0.152743,1.83585)     (0.37387,0.121122,1.85447)     (0.069539,0.223647,1.76927)     (0.0603717,-0.0245585,1.74894)     (0.174547,-0.0402549,1.99979)     (0.195804,-0.0499617,2.06231)     (0.178704,0.204226,1.78251)     (0.125129,-0.0435002,1.81555)     (0.339575,0.0236657,1.85503)     (0.405324,0.0295652,1.8229)     
End frame 38;
At time 1414671310
Begin frame 39:
(0.144677,0.266737,1.72116)     (0.141585,0.289162,1.7096)     (0.130882,0.396611,1.6559)     (0.144044,0.526656,1.6303)     (0.0446407,0.387209,1.68277)     (-0.0217039,0.325846,1.55291)     (-0.0435438,0.179091,1.68699)     (-0.0849645,0.100018,1.73973)     (0.303759,0.320217,1.62037)     (0.334886,0.253952,1.76022)     (0.398288,0.17138,1.82693)     (0.384412,0.136073,1.85026)     (0.0917204,0.220891,1.74465)     (0.0785226,-0.0299652,1.74304)     (0.185285,-0.0412627,1.99809)     (0.204702,-0.049668,2.0627)     (0.213155,0.201746,1.75468)     (0.126261,-0.0381247,1.79517)     (0.34299,0.0353359,1.84554)     (0.403047,0.0441517,1.84591)     
End frame 39;
At time 1414671310
Begin frame 40:
(0.167971,0.266552,1.69949)     (0.165857,0.287657,1.6869)     (0.159895,0.388976,1.62993)     (0.168707,0.519537,1.60746)     (0.0742178,0.378808,1.64388)     (-0.0126969,0.324604,1.53796)     (-0.031811,0.179304,1.66066)     (-0.082859,0.120857,1.70452)     (0.330705,0.312303,1.59596)     (0.357163,0.248568,1.73796)     (0.420456,0.174067,1.80754)     (0.39437,0.141715,1.83458)     (0.113618,0.22043,1.72263)     (0.0893861,-0.0323577,1.73563)     (0.190101,-0.0355125,1.98672)     (0.210141,-0.0430621,2.0529)     (0.235596,0.200078,1.73723)     (0.138244,-0.0374961,1.78532)     (0.358219,0.0505491,1.8358)     (0.425518,0.0746951,1.8405)     
End frame 40;
At time 1414671310
Begin frame 41:
(0.188077,0.263725,1.67668)     (0.18694,0.28412,1.66278)     (0.185005,0.382673,1.59927)     (0.19308,0.513126,1.579)     (0.092717,0.362109,1.5945)     (0.0200175,0.305546,1.47801)     (-0.00878226,0.177823,1.62163)     (-0.0686238,0.138321,1.65598)     (0.356097,0.305293,1.56857)     (0.379897,0.24784,1.71107)     (0.426806,0.175066,1.79339)     (0.394619,0.143042,1.81527)     (0.133967,0.217047,1.69977)     (0.0934292,-0.033213,1.72844)     (0.191477,-0.0343979,1.98092)     (0.213512,-0.0426772,2.04957)     (0.250722,0.197011,1.72135)     (0.15635,-0.0364661,1.77999)     (0.366372,0.0594504,1.82677)     (0.442975,0.085613,1.81874)     
End frame 41;
At time 1414671310
Begin frame 42:
(0.203958,0.264455,1.64666)     (0.203809,0.284452,1.63228)     (0.205759,0.381564,1.56585)     (0.215169,0.511662,1.54709)     (0.101031,0.346079,1.54741)     (0.0832765,0.250471,1.40918)     (0.197851,0.134849,1.371)     (0.23872,0.101603,1.34493)     (0.37885,0.302031,1.53869)     (0.396972,0.248871,1.67924)     (0.436259,0.175453,1.76868)     (0.398736,0.143923,1.78716)     (0.147353,0.216213,1.66857)     (0.0973083,-0.0326823,1.72246)     (0.191847,-0.032262,1.9731)     (0.215883,-0.0424909,2.04401)     (0.262133,0.195503,1.70066)     (0.162188,-0.0365572,1.7748)     (0.367339,0.0660672,1.81952)     (0.435693,0.088633,1.80031)     
End frame 42;
At time 1414671310
Begin frame 43:
(0.216199,0.266857,1.62068)     (0.21677,0.28665,1.60538)     (0.221303,0.382802,1.53374)     (0.229885,0.51262,1.51749)     (0.109246,0.333772,1.49751)     (0.144797,0.209968,1.35417)     (0.269533,0.117839,1.29251)     (0.310443,0.0895416,1.26989)     (0.397638,0.301186,1.50844)     (0.409399,0.247784,1.6444)     (0.440548,0.175139,1.74208)     (0.400771,0.14377,1.75767)     (0.157319,0.219286,1.63939)     (0.119967,-0.0218368,1.71127)     (0.205871,-0.0277377,1.96565)     (0.23575,-0.0420908,2.03154)     (0.272477,0.195509,1.68187)     (0.179538,-0.0288687,1.75215)     (0.369145,0.0717833,1.80773)     (0.436402,0.089265,1.78631)     
End frame 43;
At time 1414671310
Begin frame 44:
(0.230665,0.275312,1.57825)     (0.232092,0.294536,1.56195)     (0.238843,0.387486,1.48687)     (0.244911,0.517565,1.47287)     (0.112764,0.329307,1.46425)     (0.169114,0.196926,1.32873)     (0.300515,0.104759,1.26733)     (0.370855,0.0724279,1.22065)     (0.418776,0.303905,1.46311)     (0.417517,0.242454,1.60508)     (0.44194,0.17854,1.71895)     (0.400596,0.147275,1.7213)     (0.166007,0.225752,1.60326)     (0.134978,-0.00643038,1.69946)     (0.300173,-0.00289278,1.79607)     (0.257598,-0.00354074,1.75183)     (0.285309,0.201644,1.64982)     (0.190974,-0.0125782,1.72347)     (0.370211,0.0757611,1.79932)     (0.343645,0.0473533,1.77568)     
End frame 44;
At time 1414671310
Begin frame 45:
(0.236274,0.278285,1.56095)     (0.237903,0.297695,1.54314)     (0.245778,0.39506,1.453)     (0.252051,0.524793,1.43793)     (0.119134,0.331495,1.43156)     (0.184184,0.194768,1.30267)     (0.316911,0.10941,1.23155)     (0.362361,0.0792766,1.21422)     (0.400017,0.366108,1.50316)     (0.420713,0.242263,1.59279)     (0.451998,0.176225,1.69863)     (0.412409,0.143714,1.69397)     (0.172053,0.229226,1.57676)     (0.147064,0.00580014,1.68765)     (0.33441,0.0847937,1.66021)     (0.265562,0.0504582,1.6608)     (0.289741,0.207115,1.63422)     (0.211524,-0.00316533,1.71187)     (0.377406,0.0866629,1.78561)     (0.326103,0.0438641,1.76008)     
End frame 45;
At time 1414671310
Begin frame 46:
(0.240057,0.285762,1.5296)     (0.241935,0.305802,1.50887)     (0.251461,0.40327,1.41458)     (0.257691,0.532258,1.39799)     (0.123443,0.336625,1.40464)     (0.189532,0.203786,1.27335)     (0.316855,0.115168,1.19967)     (0.360683,0.0832335,1.18227)     (0.403351,0.389441,1.49294)     (0.423153,0.242646,1.58308)     (0.463713,0.173154,1.67036)     (0.420602,0.141935,1.67267)     (0.178412,0.233594,1.54073)     (0.156233,0.0206012,1.67063)     (0.353499,0.117955,1.57941)     (0.271288,0.0787754,1.59237)     (0.289925,0.220161,1.61441)     (0.229173,0.0106345,1.70328)     (0.386665,0.132028,1.72026)     (0.322365,0.0629993,1.72794)     
End frame 46;
At time 1414671310
Begin frame 47:
(0.241097,0.291306,1.50806)     (0.242828,0.31141,1.48678)     (0.251392,0.409403,1.38771)     (0.292123,0.523979,1.35498)     (0.13259,0.355114,1.36268)     (0.190276,0.215171,1.23789)     (0.311444,0.121231,1.15394)     (0.352502,0.0883918,1.13271)     (0.397502,0.420222,1.46674)     (0.420697,0.255437,1.56138)     (0.459088,0.190312,1.63195)     (0.42119,0.151422,1.64428)     (0.182054,0.238778,1.517)     (0.161014,0.0289222,1.65869)     (0.356691,0.110975,1.62759)     (0.270737,0.0775726,1.6297)     (0.288021,0.239704,1.58284)     (0.244609,0.0267514,1.68017)     (0.392794,0.140498,1.70703)     (0.321759,0.0635716,1.71603)     
End frame 47;
At time 1414671310
Begin frame 48:
(0.238428,0.297465,1.48389)     (0.239934,0.317223,1.46306)     (0.248374,0.413446,1.3658)     (0.309431,0.519084,1.33106)     (0.125795,0.359354,1.31994)     (0.170634,0.226812,1.1956)     (0.300869,0.126888,1.1083)     (0.342834,0.0934989,1.08803)     (0.395671,0.431411,1.45616)     (0.418759,0.264247,1.54404)     (0.457234,0.198953,1.6112)     (0.42159,0.158405,1.62421)     (0.182371,0.244011,1.49761)     (0.151362,0.0407238,1.61873)     (0.352663,0.126897,1.59628)     (0.254319,0.0866268,1.60087)     (0.285684,0.250133,1.5611)     (0.25024,0.0374863,1.66596)     (0.399986,0.14744,1.69059)     (0.329275,0.0812084,1.67931)     
End frame 48;
At time 1414671310
Begin frame 49:
(0.233474,0.300769,1.46669)     (0.234228,0.320577,1.44564)     (0.237957,0.417101,1.34627)     (0.315955,0.514256,1.31224)     (0.136274,0.386787,1.28434)     (0.153528,0.25142,1.16728)     (0.264338,0.146364,1.07815)     (0.302985,0.110544,1.0512)     (0.388012,0.429909,1.44024)     (0.410259,0.268387,1.52436)     (0.46078,0.209579,1.59767)     (0.457623,0.184615,1.62003)     (0.179495,0.250667,1.47722)     (0.148017,0.0483294,1.59991)     (0.348042,0.134253,1.59096)     (0.258274,0.103632,1.55604)     (0.27906,0.255483,1.5411)     (0.251246,0.0451383,1.65472)     (0.385764,0.180159,1.62093)     (0.337575,0.110666,1.63568)     
End frame 49;
At time 1414671310
Begin frame 50:
(0.229131,0.3038,1.45295)     (0.229966,0.323157,1.43348)     (0.232464,0.418833,1.33682)     (0.318208,0.510093,1.30034)     (0.138955,0.399626,1.26398)     (0.138587,0.270944,1.14207)     (0.230799,0.164645,1.0462)     (0.262307,0.127744,1.01715)     (0.364361,0.437189,1.40201)     (0.395654,0.294108,1.48908)     (0.451996,0.230223,1.56659)     (0.444935,0.200518,1.58613)     (0.177532,0.254932,1.46173)     (0.177967,0.0564869,1.57207)     (0.0748532,0.0803269,1.58753)     (0.141091,0.0767773,1.5586)     (0.272785,0.261892,1.52142)     (0.249233,0.0544076,1.63752)     (0.405822,0.113078,1.64791)     (0.3486,0.103552,1.62925)     
End frame 50;
At time 1414671310
Begin frame 51:
(0.224439,0.30672,1.44094)     (0.225683,0.325577,1.42341)     (0.228115,0.419938,1.33178)     (0.313621,0.50472,1.29013)     (0.13807,0.407663,1.25004)     (0.119618,0.287941,1.11976)     (0.186061,0.179581,1.00833)     (0.194025,0.162895,0.982972)     (0.357394,0.440501,1.38986)     (0.391317,0.304178,1.47471)     (0.450541,0.235975,1.55567)     (0.437987,0.207267,1.56738)     (0.172269,0.259421,1.44487)     (0.11586,0.0207385,1.30719)     (-0.0313252,0.0977245,1.50408)     (-0.0499481,0.0800472,1.52073)     (0.268251,0.265323,1.50739)     (0.250105,0.0593255,1.62471)     (0.419976,0.0586653,1.66934)     (0.362135,0.0919303,1.62753)     
End frame 51;
At time 1414671310
Begin frame 52:
(0.219679,0.313906,1.42554)     (0.222049,0.331164,1.41176)     (0.226993,0.422104,1.32852)     (0.309501,0.503673,1.28119)     (0.133367,0.416541,1.23932)     (0.106552,0.302626,1.10418)     (0.147321,0.195481,0.977459)     (0.163155,0.171014,0.955652)     (0.354004,0.443443,1.382)     (0.389766,0.310305,1.46459)     (0.444849,0.234185,1.53957)     (0.426685,0.205544,1.54663)     (0.162103,0.266736,1.4247)     (0.110189,0.0183331,1.23494)     (-0.0920093,0.0864843,1.45059)     (-0.129528,0.0940564,1.4987)     (0.263381,0.269317,1.49039)     (0.252465,0.0640955,1.61549)     (0.414169,-0.018549,1.68568)     (0.369368,0.0633927,1.63274)     
End frame 52;
At time 1414671311
Begin frame 53:
(0.199909,0.32298,1.39274)     (0.198733,0.342275,1.37554)     (0.197342,0.439917,1.29376)     (0.283094,0.508779,1.24078)     (0.0978497,0.428706,1.19364)     (0.0725381,0.311014,1.06741)     (0.116736,0.199979,0.943367)     (0.132737,0.168154,0.913244)     (0.331232,0.455715,1.34458)     (0.376087,0.341694,1.42744)     (0.425158,0.248383,1.50414)     (0.403683,0.215465,1.51241)     (0.150135,0.273703,1.40246)     (0.0967414,0.0140555,1.21068)     (-0.0892704,0.085142,1.43813)     (-0.127164,0.0992384,1.49406)     (0.252347,0.275523,1.4628)     (0.255236,0.0720598,1.60495)     (0.417274,-0.0309846,1.68923)     (0.372645,0.0589411,1.63117)     
End frame 53;
At time 1414671311
Begin frame 54:
(0.177394,0.334374,1.35909)     (0.180965,0.349118,1.35052)     (0.178781,0.433727,1.2798)     (0.271656,0.502043,1.2277)     (0.0680591,0.427927,1.13969)     (0.0536534,0.303156,1.01848)     (0.0972282,0.187964,0.895956)     (0.113061,0.150482,0.860585)     (0.319409,0.450936,1.33871)     (0.378955,0.348394,1.42521)     (0.404325,0.240844,1.48898)     (0.399668,0.210064,1.49673)     (0.126237,0.285749,1.37255)     (0.088185,0.0217291,1.20435)     (-0.094204,0.0841849,1.43016)     (-0.131931,0.0988531,1.49046)     (0.228578,0.289259,1.42092)     (0.266572,0.0730322,1.54292)     (0.212964,0.207206,1.57342)     (0.262737,0.150428,1.5756)     
End frame 54;
At time 1414671311
Begin frame 55:
(0.1643,0.339954,1.34222)     (0.166481,0.354949,1.3324)     (0.170486,0.435836,1.26978)     (0.242886,0.505638,1.20408)     (0.0590899,0.429032,1.12112)     (0.0443066,0.304124,0.99753)     (0.0814582,0.188223,0.870366)     (0.0978648,0.149137,0.836615)     (0.306087,0.455979,1.32995)     (0.37617,0.357732,1.41789)     (0.358953,0.237488,1.50187)     (0.376355,0.210258,1.52314)     (0.106653,0.294337,1.3492)     (0.0804172,0.0283044,1.19127)     (-0.137843,0.0810165,1.40266)     (-0.13811,0.0989758,1.47833)     (0.203924,0.299138,1.39218)     (0.200631,0.0716808,1.45582)     (0.120496,0.217142,1.51336)     (0.178636,0.182091,1.50754)     
End frame 55;
At time 1414671311
Begin frame 56:
(0.142911,0.36036,1.31252)     (0.146686,0.377473,1.30201)     (0.164723,0.465737,1.24671)     (0.226723,0.521491,1.1789)     (0.0282636,0.420147,1.0722)     (0.030069,0.293451,0.949473)     (0.0602575,0.194048,0.845091)     (0.0643748,0.168478,0.820192)     (0.298826,0.459287,1.32444)     (0.389565,0.388101,1.41905)     (0.33554,0.254446,1.50829)     (0.367581,0.220676,1.52987)     (0.0765581,0.306817,1.31224)     (0.0728019,0.0327994,1.17244)     (-0.0765875,0.0698219,1.35596)     (-0.0280218,0.0563044,1.31536)     (0.189475,0.30619,1.37622)     (0.321824,0.201419,1.54124)     (0.126026,0.199056,1.44555)     (0.219987,0.133634,1.44609)     
End frame 56;
At time 1414671311
Begin frame 57:
(0.131455,0.376772,1.29872)     (0.136917,0.392692,1.28803)     (0.16282,0.47807,1.2371)     (0.217855,0.531361,1.1652)     (0.00791485,0.410539,1.03891)     (0.0169624,0.287893,0.90815)     (0.0487594,0.197749,0.824847)     (0.0512397,0.164101,0.792176)     (0.294439,0.462115,1.32034)     (0.393946,0.400403,1.41851)     (0.324852,0.263059,1.51073)     (0.361877,0.228901,1.53484)     (0.0523972,0.33052,1.29526)     (0.0616587,0.0698505,1.18844)     (-0.0688658,0.0665862,1.34587)     (-0.0223547,0.0531937,1.28629)     (0.168941,0.327505,1.36515)     (0.338855,0.173955,1.53742)     (0.224023,0.110803,1.38483)     (0.247302,0.0827321,1.3799)     
End frame 57;
At time 1414671311
Begin frame 58:
(0.174359,0.347872,1.29932)     (0.170631,0.374088,1.28319)     (0.163701,0.485954,1.22993)     (0.213401,0.538974,1.15541)     (0.0805835,0.41487,1.14149)     (0.0268754,0.350454,0.978635)     (0.024636,0.25073,0.856632)     (0.0205407,0.206772,0.813697)     (0.291738,0.464695,1.31731)     (0.407265,0.447807,1.41954)     (0.320121,0.30139,1.50924)     (0.357122,0.275284,1.53799)     (0.124928,0.293394,1.30105)     (0.0846648,0.0857428,1.15908)     (-0.0264815,0.0634155,1.29117)     (0.0274969,0.0390757,1.20241)     (0.224375,0.305369,1.35206)     (0.375738,0.180285,1.54563)     (0.250078,0.077617,1.35788)     (0.289701,0.0217061,1.32615)     
End frame 58;
At time 1414671311
Begin frame 59:
(0.177061,0.340872,1.28069)     (0.172755,0.365655,1.2643)     (0.147158,0.478099,1.19301)     (0.197987,0.541182,1.12826)     (0.0862565,0.413229,1.14672)     (0.02302,0.368329,0.981405)     (0.00244349,0.280416,0.862499)     (-0.00953027,0.242103,0.82342)     (0.321951,0.482929,1.33902)     (0.417361,0.471436,1.42861)     (0.316605,0.322062,1.50941)     (0.352946,0.298398,1.54034)     (0.133439,0.282784,1.28529)     (0.0952339,0.0886684,1.14187)     (-0.0121396,0.0606346,1.26955)     (0.0440026,0.0328105,1.17204)     (0.243066,0.29694,1.33485)     (0.397407,0.1426,1.53286)     (0.262103,0.0522045,1.31373)     (0.31389,-0.0103086,1.30027)     
End frame 59;
At time 1414671311
Begin frame 60:
(0.181468,0.330565,1.27083)     (0.175168,0.356872,1.25356)     (0.140947,0.473804,1.17605)     (0.190423,0.542061,1.11304)     (0.104544,0.414507,1.17234)     (0.0264154,0.382837,0.99818)     (-0.0083569,0.295589,0.866417)     (-0.0263909,0.263902,0.830676)     (0.332599,0.493681,1.34328)     (0.417935,0.519633,1.43098)     (0.315157,0.369458,1.50278)     (0.347405,0.34705,1.53481)     (0.142449,0.268418,1.27889)     (0.107076,0.0780249,1.11426)     (-0.0166443,0.00999651,1.20355)     (0.0466266,0.00411842,1.12463)     (0.251054,0.284929,1.31545)     (0.416093,0.1445,1.52603)     (0.278419,0.0337974,1.29219)     (0.3259,-0.0274483,1.28244)     
End frame 60;
At time 1414671311
Begin frame 61:
(0.181253,0.318386,1.25232)     (0.174892,0.345146,1.23545)     (0.141051,0.466958,1.15849)     (0.187548,0.540468,1.09724)     (0.111016,0.414521,1.18079)     (0.0271563,0.388203,1.00396)     (-0.015395,0.304436,0.867686)     (-0.037627,0.276514,0.832919)     (0.337669,0.498422,1.34288)     (0.411226,0.547159,1.42514)     (0.313722,0.398079,1.49731)     (0.34341,0.375961,1.52965)     (0.141961,0.255208,1.26788)     (0.115929,0.0709046,1.095)     (-0.0157121,-0.00762216,1.17595)     (0.0494605,-0.00711202,1.10144)     (0.251821,0.27406,1.29082)     (0.427259,0.144347,1.52204)     (0.296741,0.0223927,1.28417)     (0.339102,-0.0382187,1.27029)     
End frame 61;
At time 1414671311
Begin frame 62:
(0.1881,0.315053,1.2323)     (0.183368,0.340713,1.21828)     (0.180952,0.457978,1.15149)     (0.212942,0.535699,1.08535)     (0.110557,0.410714,1.17795)     (0.0264801,0.383426,1.00276)     (-0.0212472,0.310393,0.867874)     (-0.0457745,0.284599,0.833432)     (0.363198,0.502505,1.3396)     (0.400606,0.58997,1.40909)     (0.314987,0.45033,1.47291)     (0.34091,0.427885,1.50438)     (0.137627,0.24413,1.25313)     (0.124345,0.0657919,1.07936)     (-0.0136997,-0.015921,1.15934)     (0.0476471,-0.0133717,1.08641)     (0.260899,0.267616,1.25934)     (0.359948,0.0749027,1.34924)     (0.260202,-0.0586621,1.27064)     (0.305367,-0.0422306,1.25986)     
End frame 62;
At time 1414671311
Begin frame 63:
(0.194704,0.31034,1.20079)     (0.192636,0.333824,1.19136)     (0.201518,0.445317,1.14003)     (0.229509,0.52666,1.07246)     (0.0992439,0.399074,1.15144)     (0.0193636,0.36575,0.98362)     (-0.0282002,0.312904,0.865283)     (-0.0539181,0.290992,0.831146)     (0.378983,0.499313,1.33018)     (0.401685,0.402934,1.41007)     (0.412357,0.280914,1.43266)     (0.424986,0.240299,1.44668)     (0.128031,0.228746,1.21857)     (0.12892,0.0546713,1.05518)     (-0.0150188,-0.0224033,1.14094)     (0.0474962,-0.018526,1.07125)     (0.265786,0.258752,1.22217)     (0.377828,0.0793495,1.31864)     (0.260374,-0.0757392,1.25371)     (0.284679,-0.00215349,1.23979)     
End frame 63;
At time 1414671311
Begin frame 64:
(0.143136,0.289721,1.15508)     (0.130906,0.310341,1.14964)     (0.0581099,0.410319,1.12566)     (0.133852,0.492805,1.05073)     (-0.0278567,0.371977,1.11937)     (0.00773838,0.370879,0.979403)     (-0.0367057,0.312132,0.860167)     (-0.0607056,0.294419,0.826074)     (0.256691,0.408146,1.15542)     (0.337108,0.382915,1.2876)     (0.41355,0.301901,1.38138)     (0.430805,0.264847,1.3922)     (0.092504,0.210758,1.16511)     (0.131848,0.0300101,1.02383)     (-0.0143985,-0.00666357,1.12664)     (0.0397788,-0.00576479,1.06234)     (0.246511,0.235386,1.16716)     (0.362151,0.0615232,1.24414)     (0.251843,-0.0900756,1.19644)     (0.272311,0.00264153,1.21703)     
End frame 64;
At time 1414671311
Begin frame 65:
(0.106264,0.275166,1.12068)     (0.091953,0.295043,1.11889)     (0.0245435,0.395822,1.11218)     (0.070774,0.471368,1.03715)     (-0.112519,0.354227,1.09588)     (-0.0238029,0.363183,0.948525)     (-0.0543928,0.299777,0.841823)     (-0.0764978,0.301972,0.809949)     (0.242452,0.386248,1.10561)     (0.322948,0.345412,1.22798)     (0.426319,0.276438,1.33696)     (0.443239,0.247911,1.36981)     (0.0677732,0.198788,1.1208)     (0.133997,0.0153429,1.0034)     (0.0126969,0.00733789,1.13189)     (0.047454,0.00129973,1.0659)     (0.232508,0.21796,1.12283)     (0.355821,0.0542093,1.20664)     (0.23987,-0.073618,1.13065)     (0.252616,0.0224901,1.17133)     
End frame 65;
At time 1414671311
Begin frame 66:
(0.142901,0.235278,1.081)     (0.143685,0.259846,1.07577)     (0.156338,0.393324,1.04315)     (0.163826,0.459886,0.975667)     (0.0326612,0.350162,1.02694)     (0.0194688,0.331583,0.876802)     (-0.0656681,0.296256,0.835619)     (-0.0846409,0.316827,0.80741)     (0.231146,0.358534,1.05057)     (0.332123,0.334241,1.17892)     (0.437709,0.262791,1.31051)     (0.455348,0.235463,1.34951)     (0.0915005,0.177919,1.07725)     (0.141419,-0.00623164,0.977707)     (0.0258197,-0.000663627,1.11945)     (0.0537512,-0.00662513,1.04833)     (0.22568,0.198714,1.09344)     (0.36511,0.0581497,1.19606)     (0.239717,-0.0658193,1.10421)     (0.246843,0.0331536,1.1477)     
End frame 66;
At time 1414671311
Begin frame 67:
(0.163234,0.210287,1.04591)     (0.162189,0.237262,1.03708)     (0.153785,0.373024,0.999659)     (0.20372,0.44344,0.923512)     (0.0331262,0.334017,0.985016)     (0.016977,0.301509,0.854593)     (-0.101718,0.291831,0.82361)     (-0.100537,0.330975,0.807923)     (0.234796,0.345371,1.01282)     (0.344983,0.325679,1.13023)     (0.466245,0.281353,1.24432)     (0.498635,0.267339,1.26194)     (0.114361,0.164054,1.04593)     (0.142233,-0.0213556,0.955245)     (0.0259191,-0.0179014,1.09364)     (0.0532207,-0.0132262,1.03078)     (0.224656,0.182379,1.06781)     (0.363665,0.0513063,1.166)     (0.244149,-0.0579935,1.08087)     (0.247893,0.039748,1.12177)     
End frame 67;
At time 1414671311
Begin frame 68:
(0.177839,0.190915,1.00979)     (0.178082,0.217705,0.994593)     (0.172861,0.357583,0.94017)     (0.219675,0.429832,0.876714)     (0.0648075,0.324155,0.943369)     (0.0130909,0.285099,0.838227)     (-0.123568,0.290124,0.820999)     (-0.117025,0.339571,0.812477)     (0.224972,0.327495,0.961654)     (0.349796,0.312616,1.06716)     (0.464046,0.344283,1.16284)     (0.508253,0.325689,1.16823)     (0.127139,0.154508,1.0248)     (0.0939791,-0.0341187,0.921878)     (-0.0142467,-0.0483124,1.06245)     (0.0317879,-0.0269279,1.0138)     (0.222994,0.167067,1.02724)     (0.344555,0.0127785,1.11697)     (0.25159,-0.126203,1.03555)     (0.249505,-0.03913,1.05939)     
End frame 68;
At time 1414671311
Begin frame 69:
(0.185045,0.181275,0.990411)     (0.185833,0.208839,0.974701)     (0.189471,0.350803,0.909505)     (0.232679,0.422936,0.850833)     (0.092393,0.315944,0.901156)     (0.00622772,0.271986,0.81726)     (-0.134807,0.288696,0.82019)     (-0.140481,0.339829,0.81793)     (0.2254,0.319409,0.933474)     (0.365457,0.309514,1.02006)     (0.437355,0.41026,1.08868)     (0.485085,0.398422,1.08473)     (0.137302,0.1463,1.00286)     (0.0698574,-0.0429968,0.90358)     (-0.0392164,-0.0680821,1.04196)     (0.0116656,-0.039654,0.998131)     (0.222671,0.159349,1.00713)     (0.3346,-0.00946624,1.08682)     (0.255014,-0.166139,1.00585)     (0.251326,-0.0967849,1.01339)     
End frame 69;
At time 1414671311
Begin frame 70:
(0.191982,0.174223,0.971091)     (0.193418,0.202062,0.954713)     (0.201021,0.344619,0.885237)     (0.243052,0.416645,0.827711)     (0.101961,0.311423,0.881319)     (-0.000746114,0.262816,0.798363)     (-0.142737,0.287495,0.819782)     (-0.156433,0.337203,0.820391)     (0.22728,0.309378,0.90369)     (0.370712,0.311035,0.988682)     (0.424185,0.453303,1.01582)     (0.457846,0.475803,1.01938)     (0.143659,0.140798,0.988311)     (0.0502299,-0.045261,0.878099)     (-0.0521962,-0.0774655,1.02269)     (-0.000429597,-0.0462966,0.980003)     (0.227373,0.152412,0.98255)     (0.324718,-0.0301257,1.05743)     (0.253804,-0.193883,0.979805)     (0.249471,-0.128603,0.981422)     
End frame 70;
At time 1414671311
Begin frame 71:
(0.190256,0.164229,0.942087)     (0.187253,0.186861,0.921016)     (0.178029,0.307625,0.848611)     (0.224911,0.382408,0.787718)     (0.102795,0.305029,0.860944)     (-0.00861879,0.255684,0.778964)     (-0.148585,0.286429,0.819954)     (-0.172896,0.328226,0.820819)     (0.227007,0.300772,0.882159)     (0.377141,0.307827,0.950047)     (0.423221,0.462162,0.954883)     (0.45229,0.500001,0.96554)     (0.147819,0.131616,0.960588)     (0.039407,-0.0498086,0.862877)     (-0.0640997,-0.0870419,1.0026)     (-0.0118984,-0.0534447,0.96147)     (0.228425,0.145688,0.962072)     (0.323469,-0.0386111,1.04072)     (0.256705,-0.205882,0.964962)     (0.251591,-0.14227,0.964102)     
End frame 71;
At time 1414671311
Begin frame 72:
(0.186993,0.145093,0.911679)     (0.182449,0.169389,0.896434)     (0.157772,0.276339,0.826862)     (0.225555,0.369322,0.779803)     (0.114963,0.264325,0.852644)     (-0.00409703,0.281975,0.821894)     (-0.152708,0.285362,0.820582)     (-0.181209,0.323195,0.82084)     (0.289605,0.212525,0.915279)     (0.372743,0.131898,0.950951)     (0.349376,0.254164,0.988523)     (0.342343,0.284342,1.01333)     (0.14937,0.11558,0.93265)     (0.0306155,-0.0563319,0.844108)     (-0.0739751,-0.0972524,0.977881)     (-0.0213893,-0.0619593,0.939073)     (0.235416,0.104318,0.930797)     (0.359169,-0.0396749,1.0229)     (0.293545,-0.206799,0.949609)     (0.286599,-0.142469,0.949358)     
End frame 72;
At time 1414671311
Begin frame 73:
(0.147328,0.119535,0.890056)     (0.136819,0.139397,0.886955)     (0.0664195,0.228723,0.890014)     (0.175306,0.31043,0.838343)     (0.0419574,0.130338,0.890577)     (0.00348021,0.237825,0.894873)     (-0.142538,0.277234,0.831993)     (-0.17262,0.311053,0.82727)     (0.266773,0.163821,0.891226)     (0.368534,0.0953606,0.912296)     (0.342412,0.180434,0.982113)     (0.335614,0.210777,1.01815)     (0.132855,0.0790965,0.877586)     (-0.0154827,-0.0763276,0.815089)     (-0.123454,-0.118538,0.943747)     (-0.0642279,-0.080536,0.914571)     (0.20915,0.0756243,0.908312)     (0.355041,-0.0607335,0.99248)     (0.290051,-0.22531,0.921681)     (0.285529,-0.157822,0.927451)     
End frame 73;
At time 1414671311
Begin frame 74:
(0.157927,0.105182,0.905933)     (0.135371,0.125813,0.903021)     (0.0280674,0.213163,0.900029)     (0.140134,0.251652,0.850039)     (0.0379844,0.0868588,0.870657)     (0.0067471,0.212916,0.926861)     (-0.137424,0.272479,0.837029)     (-0.166278,0.303967,0.830258)     (0.107769,0.138193,0.859607)     (0.246312,0.0607605,0.864258)     (0.323603,0.0372178,0.930275)     (0.329612,0.0413981,0.931474)     (0.164387,0.0763158,0.891132)     (-0.0460551,0.0170765,0.824862)     (-0.15389,-0.0215459,0.951979)     (-0.0954796,-0.0148569,0.916953)     (0.198095,0.0871932,0.923611)     (0.356872,-0.072289,0.971089)     (0.291634,-0.235061,0.901405)     (0.298318,-0.169721,0.901819)     
End frame 74;
At time 1414671311
Begin frame 75:
(0.117137,0.100519,0.902191)     (0.112734,0.116364,0.897472)     (0.0887004,0.181586,0.863935)     (0.180672,0.242899,0.900643)     (0.161027,0.0714867,0.848311)     (0.0506981,0.167006,0.890893)     (-0.100614,0.251922,0.834736)     (-0.144725,0.284587,0.830192)     (0.222211,0.133231,0.852214)     (0.297141,0.0011922,0.846888)     (0.314127,-0.00674402,0.925839)     (0.319078,0.0105299,0.955409)     (0.110513,0.0719724,0.891844)     (-0.108231,0.0701763,0.801634)     (-0.216271,0.0314973,0.927148)     (-0.152456,0.0400075,0.902407)     (0.137037,0.0977041,0.92278)     (0.350809,-0.0797254,0.953149)     (0.283691,-0.240858,0.882522)     (0.300968,-0.176831,0.88148)     
End frame 75;
At time 1414671311
Begin frame 76:
(0.174628,0.0655121,0.878937)     (0.183422,0.0823158,0.873345)     (0.23701,0.162228,0.84312)     (0.286602,0.262095,0.895503)     (0.279439,0.0309613,0.834134)     (0.163171,0.141968,0.853978)     (0.0204435,0.221583,0.826874)     (-0.0323233,0.241676,0.825974)     (0.331745,0.111447,0.836827)     (0.404577,-0.0313916,0.823374)     (0.315053,0.0179852,0.834997)     (0.274226,-0.00315163,0.845331)     (0.165155,0.0210276,0.868465)     (0.125121,-0.142497,0.76828)     (0.0174342,-0.178775,0.895633)     (0.0538505,-0.124623,0.882697)     (0.168045,0.0855751,0.896367)     (0.353954,-0.092216,0.919774)     (0.284998,-0.250957,0.848733)     (0.300082,-0.184811,0.847286)     
End frame 76;
At time 1414671311
Begin frame 77:
(0,0,0)     (0,0,0)     (0,0,0)     (0.0250661,0.0602459,0.289789)     (0,0,0)     (0.000103369,0.0598227,0.240073)     (-0.0423382,0.111958,0.348435)     (-0.102903,0.267788,0.826353)     (0,0,0)     (0.0617419,-0.00557817,0.243587)     (0.033492,0.0228579,0.363485)     (0.0307932,0.0287659,0.416273)     (0,0,0)     (0,0,0)     (-0.00752588,-0.00522234,0.342229)     (-0.00261804,0.0186614,0.373929)     (0,0,0)     (0,0,0)     (0.0228273,0.015633,0.29609)     (0.0266935,0.0195784,0.365798)     
End frame 77;
