                           Hip Center      Spine      Shoulder Center      Head      Shoulder Left      Elbow Left      Wrist Left   
At time 1414703717 Begin frame 0: (1.60758,1.03682,3.53661)     (1.6135,1.08067,3.52474)     (1.64479,1.30506,3.48076)     (1.60926,1.48587,3.53297)     (1.40188,1.32872,3.64717)     (1.36796,1.12162,3.70401)     (1.28334,0.953122,3.53716)     (1.26207,0.871057,3.54569)     (1.73329,1.11468,3.37132)     (1.7923,0.878188,3.3227)     (1.8008,0.634318,3.34076)     (1.81275,0.575302,3.32232)     (1.50538,0.969257,3.63964)     (1.25772,0.626857,3.24144)     (1.14476,0.359555,3.22218)     (1.08847,0.355179,3.17278)     (1.66318,0.886169,3.48504)     (1.53584,0.532382,3.67227)     (1.74104,0.448447,3.46635)     (1.67241,0.477277,3.45701)     
End frame 0;
At time 1414703717 Begin frame 1: (1.60993,1.04394,3.53306)     (1.61712,1.08512,3.52109)     (1.66726,1.29008,3.46593)     (1.63172,1.47089,3.51819)     (1.40043,1.32971,3.64812)     (1.36478,1.12866,3.70249)     (1.27392,0.97092,3.52387)     (1.2526,0.889311,3.53302)     (1.73378,1.11362,3.36887)     (1.79475,0.874132,3.32146)     (1.80022,0.627122,3.34099)     (1.81046,0.581079,3.30368)     (1.50505,0.980436,3.6364)     (1.27061,0.629009,3.23564)     (1.1368,0.370475,3.22033)     (1.11424,0.373574,3.15354)     (1.6625,0.8879,3.48413)     (1.53562,0.533011,3.67247)     (1.74546,0.454805,3.46694)     (1.6784,0.491178,3.50757)     
End frame 1;
At time 1414703717 Begin frame 2: (1.61089,1.04667,3.53283)     (1.61806,1.0862,3.52072)     (1.67763,1.25972,3.46242)     (1.66632,1.43683,3.46697)     (1.39979,1.33013,3.64925)     (1.36378,1.13066,3.70279)     (1.2714,0.977354,3.52045)     (1.25062,0.893378,3.53059)     (1.73498,1.11333,3.36827)     (1.79293,0.891437,3.32159)     (1.8006,0.64721,3.34153)     (1.808,0.587725,3.31753)     (1.5047,0.984414,3.63684)     (1.2496,0.677743,3.21728)     (1.14327,0.397697,3.20618)     (1.11039,0.377877,3.14305)     (1.66238,0.888504,3.48449)     (1.5208,0.544975,3.68212)     (1.72464,0.497259,3.47337)     (1.66622,0.511289,3.56147)     
End frame 2;
At time 1414703717 Begin frame 3: (1.61079,1.05089,3.53313)     (1.61852,1.08731,3.52059)     (1.67593,1.24139,3.4666)     (1.70612,1.40152,3.42353)     (1.39771,1.33136,3.65162)     (1.3601,1.13747,3.7061)     (1.26936,0.984299,3.52059)     (1.23087,0.927792,3.44988)     (1.73479,1.10956,3.36966)     (1.79283,0.893543,3.32134)     (1.80072,0.657934,3.34148)     (1.80852,0.594515,3.32534)     (1.50145,0.992723,3.63863)     (1.24346,0.704059,3.20989)     (1.13687,0.439536,3.19896)     (1.08817,0.408493,3.13675)     (1.66088,0.889972,3.48551)     (1.50774,0.559401,3.69417)     (1.69014,0.478487,3.50368)     (1.66071,0.521582,3.58497)     
End frame 3;
At time 1414703717 Begin frame 4: (1.61047,1.05452,3.53367)     (1.61875,1.08818,3.52071)     (1.66003,1.18998,3.48089)     (1.67831,1.36254,3.45987)     (1.38316,1.3413,3.66844)     (1.3529,1.14885,3.71306)     (1.26463,0.99388,3.52672)     (1.21457,0.962387,3.42803)     (1.73434,1.10486,3.37195)     (1.79266,0.89481,3.32126)     (1.80064,0.664475,3.34135)     (1.80916,0.598632,3.33055)     (1.49735,1.00061,3.64047)     (1.25555,0.702208,3.21287)     (1.13564,0.451676,3.19852)     (1.08886,0.402786,3.14708)     (1.65903,0.891472,3.48711)     (1.46241,0.620716,3.73667)     (1.63003,0.500549,3.55765)     (1.66707,0.536228,3.58046)     
End frame 4;
At time 1414703717 Begin frame 5: (1.57906,1.04155,3.56211)     (1.58198,1.07098,3.55314)     (1.58364,1.18562,3.53622)     (1.63946,1.34678,3.46921)     (1.37362,1.34683,3.679)     (1.34209,1.16069,3.7197)     (1.26123,0.999955,3.5311)     (1.2374,0.977203,3.39696)     (1.67455,1.11832,3.43916)     (1.77216,0.917622,3.33617)     (1.80112,0.673191,3.33917)     (1.80916,0.604933,3.3352)     (1.49569,0.999633,3.64396)     (1.26115,0.720147,3.21481)     (1.13516,0.458875,3.19654)     (1.08413,0.407425,3.14389)     (1.64452,0.884795,3.50224)     (1.90609,0.933954,3.21072)     (2.12805,0.979009,2.94889)     (2.1091,0.981409,2.86884)     
End frame 5;
At time 1414703718 Begin frame 6: (1.538,1.01868,3.59872)     (1.54016,1.05185,3.58988)     (1.53628,1.19492,3.57265)     (1.54118,1.40022,3.56719)     (1.36879,1.34953,3.68412)     (1.33653,1.16872,3.72474)     (1.25676,1.00715,3.53709)     (1.24777,0.985024,3.3851)     (1.64282,1.09509,3.48139)     (1.76695,0.920932,3.34027)     (1.8018,0.690436,3.33335)     (1.80901,0.61057,3.33794)     (1.45689,0.979908,3.66448)     (1.26221,0.729058,3.21538)     (1.14198,0.444964,3.19667)     (1.08475,0.395615,3.15328)     (1.62116,0.870346,3.54297)     (1.92624,0.964289,3.17606)     (2.13205,0.994425,2.91326)     (2.13132,0.993331,2.81011)     
End frame 6;
At time 1414703718 Begin frame 7: (1.5138,1.02042,3.6265)     (1.5108,1.0672,3.62332)     (1.50245,1.29249,3.60262)     (1.4466,1.47385,3.63013)     (1.36362,1.351,3.68804)     (1.33312,1.17324,3.72756)     (1.25291,1.00368,3.55402)     (1.25564,0.988105,3.38299)     (1.62007,1.07639,3.50367)     (1.75701,0.913766,3.35852)     (1.80188,0.700174,3.3301)     (1.80885,0.613586,3.33943)     (1.43322,0.991766,3.69756)     (1.26927,0.750001,3.2429)     (1.1453,0.440019,3.19622)     (1.08686,0.387849,3.15915)     (1.6104,0.864538,3.56203)     (1.95193,0.944674,3.14657)     (2.16306,0.9705,2.87207)     (2.13335,0.960329,2.77615)     
End frame 7;
At time 1414703718 Begin frame 8: (1.49316,1.01221,3.63893)     (1.48568,1.05921,3.63693)     (1.46401,1.29339,3.62545)     (1.41677,1.48746,3.65949)     (1.35486,1.31008,3.71491)     (1.31227,1.13978,3.74264)     (1.24454,1.00552,3.55625)     (1.22947,0.98336,3.43475)     (1.58413,1.06764,3.53682)     (1.74197,0.914443,3.38091)     (1.80257,0.707956,3.32533)     (1.81114,0.633512,3.32821)     (1.42258,0.987494,3.71566)     (1.27029,0.759882,3.25563)     (1.14764,0.435841,3.19619)     (1.08826,0.382924,3.16278)     (1.57028,0.851651,3.55714)     (1.96676,0.949791,3.19863)     (2.22687,0.998392,2.97977)     (2.20422,0.99401,2.8822)     
End frame 8;
At time 1414703718 Begin frame 9: (1.47198,0.993185,3.65215)     (1.47459,1.04028,3.6733)     (1.41948,1.30263,3.67055)     (1.36924,1.49171,3.69152)     (1.33475,1.2826,3.73045)     (1.3035,1.11684,3.75285)     (1.24463,1.00136,3.55116)     (1.23414,0.979849,3.43249)     (1.51658,1.13166,3.58511)     (1.66004,0.957433,3.45809)     (1.77237,0.76686,3.34351)     (1.80997,0.647517,3.31799)     (1.41141,0.955929,3.72994)     (1.26881,0.764862,3.26059)     (1.16665,0.400816,3.24888)     (1.12014,0.333042,3.19577)     (1.55183,0.852407,3.55857)     (1.96168,0.946134,3.21166)     (2.22366,0.98612,2.9947)     (2.20065,0.984751,2.89474)     
End frame 9;
At time 1414703718 Begin frame 10: (1.46446,0.983889,3.6593)     (1.47034,1.03265,3.68955)     (1.36845,1.29253,3.69817)     (1.35253,1.4798,3.70451)     (1.29482,1.26224,3.74105)     (1.30534,1.10079,3.77385)     (1.24392,1.00582,3.551)     (1.23493,0.991855,3.43097)     (1.47267,1.17144,3.61379)     (1.59362,0.964163,3.54011)     (1.73324,0.839073,3.38069)     (1.77912,0.763015,3.3344)     (1.44187,0.905675,3.7286)     (1.26725,0.767335,3.26369)     (1.15964,0.373441,3.23638)     (1.09324,0.346792,3.15371)     (1.54648,0.888833,3.57859)     (1.96668,0.97267,3.23741)     (1.80301,0.768307,3.42301)     (1.72693,0.727516,3.37916)     
End frame 10;
At time 1414703718 Begin frame 11: (1.39706,1.09593,3.69907)     (1.41335,1.1238,3.72973)     (1.34516,1.29281,3.71308)     (1.34421,1.48097,3.70893)     (1.2692,1.25768,3.75066)     (1.30298,1.09765,3.78512)     (1.2411,1.01703,3.5548)     (1.23251,1.00791,3.43259)     (1.46628,1.18644,3.61635)     (1.56861,0.979785,3.57178)     (1.68484,0.890361,3.41318)     (1.74175,0.839255,3.36869)     (1.33801,1.03632,3.76293)     (1.24005,0.785516,3.31293)     (1.14281,0.355467,3.20648)     (1.09224,0.330152,3.13724)     (1.48746,1.01299,3.62655)     (1.8346,0.98331,3.34944)     (1.7282,0.70321,3.52777)     (1.64001,0.588928,3.53834)     
End frame 11;
At time 1414703718 Begin frame 12: (1.36899,1.14525,3.72376)     (1.38942,1.17626,3.75198)     (1.36204,1.32825,3.69816)     (1.33503,1.51334,3.69827)     (1.25396,1.31056,3.75544)     (1.30844,1.14186,3.79899)     (1.245,1.08002,3.56253)     (1.23631,1.07335,3.43273)     (1.46014,1.20632,3.61739)     (1.54594,0.992674,3.5943)     (1.66318,0.917612,3.42451)     (1.7156,0.891864,3.38703)     (1.31356,1.06718,3.76837)     (1.20985,0.779473,3.36703)     (1.15855,0.457377,3.34971)     (1.11822,0.422008,3.25734)     (1.44584,1.10293,3.69619)     (1.71089,1.05604,3.41445)     (1.68482,0.69604,3.47106)     (1.66095,0.612378,3.53174)     
End frame 12;
At time 1414703718 Begin frame 13: (1.31434,1.22065,3.80014)     (1.34086,1.25025,3.81322)     (1.32991,1.35424,3.72234)     (1.32183,1.52842,3.70668)     (1.21526,1.34568,3.78251)     (1.28029,1.19014,3.83147)     (1.38594,1.14238,3.64132)     (1.5191,1.1036,3.52007)     (1.43819,1.23969,3.62399)     (1.52863,1.01875,3.5978)     (1.63538,0.946595,3.43446)     (1.68498,0.932877,3.40277)     (1.21999,1.17779,3.83844)     (1.17907,0.824656,3.46987)     (1.14532,0.522526,3.45282)     (1.12238,0.497359,3.37283)     (1.40703,1.1588,3.8204)     (1.5197,1.10702,3.48809)     (1.5877,0.712992,3.4591)     (1.6156,0.633111,3.52021)     
End frame 13;
At time 1414703718 Begin frame 14: (1.35027,1.02788,3.78261)     (1.35308,1.08466,3.81031)     (1.25887,1.3313,3.79198)     (1.26629,1.5129,3.74916)     (1.13481,1.33931,3.85789)     (1.26712,1.23312,3.79787)     (1.41472,1.1779,3.66157)     (1.49649,1.14821,3.58268)     (1.37497,1.22289,3.67759)     (1.463,1.01075,3.64286)     (1.5531,0.930318,3.49729)     (1.60214,0.917516,3.47181)     (1.33085,0.96619,3.78473)     (1.15257,0.685891,3.41204)     (1.12129,0.435379,3.44284)     (1.08187,0.400809,3.31862)     (1.41194,0.971,3.76796)     (1.70189,0.729848,3.4782)     (1.87661,0.525459,3.32974)     (1.85358,0.493188,3.27086)     
End frame 14;
At time 1414703718 Begin frame 15: (1.25212,1.06163,3.88189)     (1.26442,1.11587,3.89662)     (1.20042,1.34797,3.84732)     (1.20637,1.51511,3.78557)     (1.06803,1.35861,3.92188)     (1.1719,1.23656,3.9017)     (1.31146,1.20327,3.7563)     (1.36815,1.1786,3.7008)     (1.31755,1.23442,3.72885)     (1.4112,1.02788,3.68098)     (1.48492,0.940188,3.55375)     (1.53352,0.923198,3.53181)     (1.21063,0.994611,3.89731)     (1.11349,0.694459,3.49403)     (1.09663,0.442775,3.50996)     (1.06154,0.427019,3.40661)     (1.30637,1.01601,3.88666)     (1.27555,0.757843,3.42924)     (1.43389,0.391124,3.3844)     (1.44755,0.316362,3.33356)     
End frame 15;
At time 1414703718 Begin frame 16: (1.21869,1.02307,3.92287)     (1.23034,1.07754,3.93492)     (1.19741,1.29917,3.87954)     (1.17791,1.51017,3.81271)     (1.04943,1.33309,3.95831)     (1.12752,1.18726,3.9773)     (1.25998,1.29739,3.82709)     (1.35273,1.27236,3.78611)     (1.30157,1.20345,3.76203)     (1.39509,1.00628,3.70654)     (1.5248,0.942209,3.56829)     (1.53525,0.924825,3.55312)     (1.17984,0.951561,3.95723)     (1.07266,0.674852,3.53233)     (1.05688,0.424512,3.54804)     (1.02015,0.409567,3.44527)     (1.27954,0.965829,3.90082)     (1.22814,0.726822,3.41361)     (1.19193,0.444409,3.39647)     (1.13855,0.420202,3.31211)     
End frame 16;
At time 1414703718 Begin frame 17: (1.2136,1.02318,3.93187)     (1.22281,1.07395,3.94324)     (1.17096,1.30547,3.90348)     (1.1666,1.50884,3.82273)     (1.03433,1.33123,3.97604)     (1.10037,1.17775,4.01208)     (1.20518,1.35899,3.87745)     (1.27216,1.33665,3.83731)     (1.2884,1.19954,3.77755)     (1.3013,1.05303,3.82721)     (1.39731,1.10318,3.65563)     (1.44422,1.0497,3.62996)     (1.11666,1.01162,3.94694)     (1.03651,0.705924,3.53716)     (1.0196,0.432686,3.56191)     (0.980489,0.419983,3.45405)     (1.33043,0.940421,3.93647)     (1.2445,0.744157,3.44421)     (1.14011,0.444112,3.43035)     (1.11343,0.443227,3.34969)     
End frame 17;
At time 1414703718 Begin frame 18: (1.20762,1.01889,3.93672)     (1.21393,1.07327,3.94721)     (1.14751,1.37329,3.906)     (1.14273,1.53825,3.82895)     (1.03669,1.36264,3.92813)     (1.11073,1.22237,3.97145)     (1.17483,1.42043,3.85268)     (1.19687,1.49736,3.77749)     (1.26304,1.24544,3.79166)     (1.24911,1.13437,3.89697)     (1.36655,1.20354,3.69424)     (1.40552,1.17162,3.67509)     (1.14429,0.96779,3.94296)     (1.0327,0.693773,3.53037)     (1.00365,0.428047,3.5627)     (0.967829,0.409931,3.44065)     (1.2834,0.958326,3.93645)     (1.21799,0.788356,3.42789)     (1.09355,0.507753,3.43128)     (1.07446,0.49439,3.34157)     
End frame 18;
At time 1414703718 Begin frame 19: (1.14961,1.22109,3.95526)     (1.15658,1.25672,3.96169)     (1.11614,1.4304,3.9244)     (1.14347,1.55403,3.81973)     (1.01278,1.39158,3.93829)     (1.04148,1.2462,3.91713)     (1.11493,1.45679,3.79431)     (1.11173,1.56344,3.76029)     (1.23358,1.31129,3.80711)     (1.21674,1.22788,3.95021)     (1.30978,1.32125,3.7219)     (1.34194,1.32538,3.6612)     (1.0724,1.18917,3.97343)     (1.00661,0.840157,3.60399)     (0.968679,0.5361,3.61061)     (0.94607,0.526968,3.51169)     (1.23756,1.14749,3.95298)     (1.20569,0.897689,3.49949)     (1.05024,0.461166,3.23083)     (0.976398,0.428286,3.1527)     
End frame 19;
At time 1414703718 Begin frame 20: (1.14448,1.24349,3.96035)     (1.14605,1.28228,3.96537)     (1.10662,1.46391,3.92476)     (1.14438,1.56483,3.81435)     (1.00758,1.40885,3.93204)     (1.0254,1.25148,3.92448)     (1.10037,1.45482,3.77608)     (1.10215,1.54682,3.74665)     (1.2232,1.33399,3.81245)     (1.20161,1.27113,3.97195)     (1.25695,1.2776,3.71343)     (1.259,1.22331,3.69836)     (1.06459,1.21884,3.99079)     (0.996133,0.877934,3.63237)     (1.20949,0.487121,3.19582)     (1.12005,0.453664,3.15892)     (1.25054,1.15572,3.92549)     (1.20296,0.903275,3.47219)     (0.995003,0.465636,3.19866)     (0.967713,0.425934,3.12376)     
End frame 20;
At time 1414703718 Begin frame 21: (1.10216,1.38466,3.94081)     (1.09586,1.39639,3.92967)     (1.09277,1.4331,3.91706)     (1.11365,1.57188,3.85332)     (0.998632,1.40647,3.92717)     (1.01242,1.20787,3.95872)     (1.17937,1.25624,3.84508)     (1.21213,1.31029,3.80448)     (1.23644,1.31389,3.79394)     (1.18634,1.29422,3.97829)     (1.228,1.33979,3.73264)     (1.23546,1.32234,3.67154)     (1.1756,1.2391,4.03102)     (1.03125,0.921811,3.68538)     (1.2168,0.514496,3.17528)     (1.22963,0.456692,3.17061)     (1.26957,1.17846,3.67036)     (1.19799,0.853845,3.30598)     (0.971851,0.46736,3.16241)     (1.02979,0.412936,3.23623)     
End frame 21;
At time 1414703718 Begin frame 22: (1.11014,1.47898,3.91057)     (1.10998,1.47784,3.91171)     (1.10049,1.47299,3.90816)     (1.1018,1.60354,3.86181)     (1.0008,1.42294,3.91872)     (0.991457,1.24671,3.97227)     (1.15352,1.21164,3.85457)     (1.19647,1.21658,3.82421)     (1.24821,1.31089,3.7813)     (1.17806,1.29269,3.94888)     (1.19601,1.36665,3.74623)     (1.19414,1.37543,3.6893)     (1.1672,1.27626,4.04477)     (1.03495,0.945992,3.70641)     (1.2717,0.504663,3.08792)     (1.18033,0.454763,3.11393)     (1.22949,1.19935,3.64491)     (1.22463,0.878914,3.27905)     (1.03935,0.461651,3.12678)     (0.985127,0.417584,3.12418)     
End frame 22;
At time 1414703718 Begin frame 23: (1.11328,1.44668,3.90218)     (1.11548,1.45448,3.9095)     (1.09811,1.47818,3.9059)     (1.05718,1.62296,3.89096)     (0.998463,1.42792,3.91613)     (0.990735,1.2397,3.97881)     (1.16675,1.14554,3.87505)     (1.22206,1.12096,3.84337)     (1.22944,1.33607,3.77308)     (1.17298,1.31438,3.94524)     (1.11256,1.405,3.78627)     (1.08719,1.43187,3.73764)     (1.19971,1.24335,4.04938)     (1.0448,0.930971,3.70812)     (1.26498,0.501993,3.09629)     (1.15994,0.458849,3.11223)     (1.24865,1.17854,3.62656)     (1.24148,0.872503,3.24806)     (1.10401,0.453537,3.1457)     (1.01639,0.416576,3.11714)     
End frame 23;
At time 1414703718 Begin frame 24: (1.18488,1.39847,3.85511)     (1.18407,1.41181,3.87025)     (1.12491,1.4668,3.88701)     (1.0526,1.62992,3.89588)     (1.00831,1.44113,3.90756)     (0.990435,1.24055,3.98022)     (1.17142,1.13938,3.87738)     (1.23092,1.08299,3.85113)     (1.46653,1.39031,3.58032)     (1.28837,1.36814,3.75408)     (1.11777,1.4364,3.76339)     (1.06316,1.45884,3.74777)     (1.30247,1.18734,3.93622)     (1.06607,0.883011,3.63843)     (1.40502,0.745266,3.37728)     (1.32647,0.70839,3.36941)     (1.34935,1.13993,3.57755)     (1.24553,0.823176,3.2258)     (1.13048,0.452504,3.15316)     (1.03418,0.418107,3.12268)     
End frame 24;
At time 1414703718 Begin frame 25: (1.19604,1.40059,3.84303)     (1.19708,1.41472,3.86092)     (1.1354,1.46169,3.87959)     (1.05302,1.63385,3.89698)     (1.01451,1.44842,3.90258)     (0.991698,1.23943,3.97769)     (1.17344,1.12617,3.88807)     (1.23661,1.0643,3.85979)     (1.53463,1.40708,3.53034)     (1.35554,1.37519,3.66021)     (1.15973,1.42666,3.7177)     (1.10391,1.44225,3.72373)     (1.33844,1.17876,3.91577)     (1.06678,0.875519,3.63051)     (1.30551,0.748389,3.4514)     (1.23217,0.696155,3.40136)     (1.37564,1.12805,3.56341)     (1.25333,0.803292,3.20989)     (1.10537,0.468822,3.17852)     (1.01482,0.429339,3.13482)     
End frame 25;
At time 1414703718 Begin frame 26: (1.31034,1.38024,3.74548)     (1.31286,1.36486,3.73217)     (1.33431,1.28835,3.73349)     (1.25669,1.47583,3.74685)     (1.20361,1.31012,3.76407)     (1.09117,1.19403,3.89279)     (1.2367,1.09831,3.92363)     (1.29184,1.05368,3.92637)     (1.52667,1.40961,3.54474)     (1.3832,1.37453,3.61661)     (1.17413,1.42832,3.68883)     (1.10517,1.45346,3.7065)     (1.39547,1.11819,3.88883)     (1.07949,0.839362,3.61652)     (1.32698,0.761252,3.50862)     (1.3595,0.756614,3.53933)     (1.41833,1.11235,3.51723)     (1.25844,0.781436,3.197)     (1.12904,0.461371,3.18562)     (1.12486,0.410238,3.24039)     
End frame 26;
At time 1414703719 Begin frame 27: (1.65549,0.972326,3.48879)     (1.66236,1.01831,3.47609)     (1.69671,1.24822,3.42397)     (1.70139,1.30929,3.31811)     (1.6117,1.18196,3.46934)     (1.48292,1.10309,3.58441)     (1.32378,1.15106,3.58073)     (1.30291,1.103,3.53016)     (1.75802,1.09351,3.30108)     (1.79014,0.90903,3.31423)     (1.8015,0.743962,3.32172)     (1.81257,0.673051,3.30938)     (1.61386,0.933906,3.54673)     (1.33443,0.816545,3.25574)     (1.13273,0.56229,3.15418)     (1.07136,0.546028,3.1069)     (1.6797,0.894099,3.45431)     (1.32703,0.807946,3.24651)     (1.55547,0.740796,3.43365)     (1.48286,0.708269,3.38942)     
End frame 27;
At time 1414703719 Begin frame 28: (1.66223,0.979291,3.48184)     (1.66713,1.02579,3.47142)     (1.69366,1.26576,3.42907)     (1.70306,1.30944,3.31932)     (1.60204,1.21532,3.48425)     (1.48605,1.09786,3.57986)     (1.3709,1.10899,3.66889)     (1.34851,1.08733,3.69629)     (1.75435,1.1252,3.30641)     (1.78959,0.907873,3.31359)     (1.8042,0.735673,3.32119)     (1.81398,0.661524,3.30928)     (1.62396,0.942981,3.5329)     (1.34763,0.798323,3.24816)     (1.22839,0.57263,3.23432)     (1.15735,0.552826,3.17947)     (1.6911,0.902008,3.44476)     (1.33187,0.810856,3.24523)     (1.57085,0.744989,3.4237)     (1.497,0.713675,3.37935)     
End frame 28;
At time 1414703720 Begin frame 29: (1.66494,0.98755,3.47862)     (1.66883,1.03172,3.46916)     (1.6927,1.2701,3.42984)     (1.70359,1.30969,3.31932)     (1.59074,1.2303,3.49752)     (1.48654,1.09706,3.57914)     (1.40685,1.08031,3.72738)     (1.3791,1.07686,3.78188)     (1.75659,1.12448,3.31121)     (1.78951,0.907588,3.31346)     (1.80458,0.734227,3.3211)     (1.81398,0.661372,3.30879)     (1.62563,0.949762,3.53017)     (1.35039,0.792474,3.24504)     (1.23735,0.567806,3.25344)     (1.18153,0.556452,3.19746)     (1.69468,0.904604,3.4418)     (1.33194,0.811014,3.24452)     (1.57876,0.741625,3.43386)     (1.50325,0.712366,3.38464)     
End frame 29;
At time 1414703720 Begin frame 30: (1.66801,0.993489,3.47414)     (1.67194,1.0352,3.46453)     (1.70548,1.22639,3.40923)     (1.70398,1.31014,3.32001)     (1.58486,1.23422,3.50265)     (1.48665,1.09632,3.57922)     (1.36675,1.01203,3.66072)     (1.33196,0.997127,3.71357)     (1.75871,1.12164,3.31409)     (1.78966,0.907374,3.31297)     (1.80486,0.733291,3.32102)     (1.81379,0.661949,3.3084)     (1.62674,0.954881,3.52685)     (1.3403,0.804126,3.23834)     (1.24749,0.579562,3.23693)     (1.19188,0.560291,3.19563)     (1.69802,0.907066,3.43903)     (1.33168,0.810737,3.24406)     (1.58186,0.741366,3.43732)     (1.50711,0.712,3.38762)     
End frame 30;
At time 1414703720 Begin frame 31: (1.67008,0.9965,3.47099)     (1.67431,1.03661,3.46111)     (1.71157,1.2057,3.40624)     (1.70426,1.31049,3.32039)     (1.60356,1.21588,3.49366)     (1.48673,1.09566,3.57922)     (1.36233,0.99605,3.66018)     (1.30832,0.979295,3.69585)     (1.76051,1.11779,3.31557)     (1.78986,0.907004,3.3124)     (1.80507,0.732569,3.32097)     (1.8135,0.663055,3.30797)     (1.62814,0.958374,3.52297)     (1.33857,0.807876,3.23534)     (1.2183,0.563444,3.17984)     (1.15979,0.551498,3.13911)     (1.70019,0.908779,3.437)     (1.33266,0.81014,3.24278)     (1.59043,0.741503,3.43351)     (1.51547,0.711743,3.38287)     
End frame 31;
At time 1414703720 Begin frame 32: (1.67265,1.00548,3.466)     (1.67666,1.04183,3.45726)     (1.71145,1.20551,3.40815)     (1.70446,1.31079,3.32065)     (1.59527,1.22256,3.50191)     (1.48721,1.09476,3.57944)     (1.35858,0.992868,3.66065)     (1.30238,0.977545,3.69787)     (1.76209,1.1116,3.31451)     (1.78997,0.906629,3.31185)     (1.80523,0.732041,3.32094)     (1.81324,0.664621,3.30758)     (1.62836,0.973137,3.51482)     (1.33835,0.814376,3.23047)     (1.2297,0.570767,3.1731)     (1.1673,0.554145,3.12981)     (1.70248,0.911881,3.43465)     (1.33369,0.809901,3.24108)     (1.59962,0.743375,3.42545)     (1.52452,0.712276,3.37498)     
End frame 32;
At time 1414703720 Begin frame 33: (1.67474,1.01004,3.46282)     (1.67872,1.04431,3.45447)     (1.71304,1.19764,3.40759)     (1.70458,1.31111,3.32108)     (1.59221,1.2267,3.50518)     (1.48874,1.09335,3.57904)     (1.3585,1.00467,3.66301)     (1.30387,0.994421,3.70142)     (1.76326,1.10627,3.31348)     (1.78995,0.906384,3.31144)     (1.80546,0.731811,3.32074)     (1.81289,0.666489,3.30677)     (1.62905,0.97992,3.51059)     (1.34102,0.817635,3.22464)     (1.24174,0.575322,3.16807)     (1.17676,0.555822,3.12111)     (1.70423,0.913723,3.4331)     (1.33452,0.80972,3.23947)     (1.60352,0.74393,3.42165)     (1.52938,0.712243,3.37022)     
End frame 33;
At time 1414703720 Begin frame 34: (1.67582,1.01215,3.46132)     (1.67989,1.04527,3.45304)     (1.71316,1.1918,3.40814)     (1.70465,1.31148,3.32193)     (1.5922,1.22691,3.50724)     (1.49584,1.04164,3.53529)     (1.36097,0.991068,3.63924)     (1.30937,0.981866,3.67642)     (1.76474,1.09751,3.31354)     (1.78991,0.906173,3.31114)     (1.80558,0.730168,3.31775)     (1.81272,0.66656,3.30622)     (1.62951,0.98294,3.50866)     (1.34375,0.845022,3.20391)     (1.25191,0.592434,3.15949)     (1.18675,0.573913,3.10492)     (1.7053,0.914675,3.43229)     (1.33492,0.809343,3.23745)     (1.60436,0.742934,3.41978)     (1.62378,0.716607,3.4428)     
End frame 34;
At time 1414703720 Begin frame 35: (1.67683,1.01335,3.46012)     (1.68112,1.04544,3.45173)     (1.71386,1.18894,3.4077)     (1.70471,1.31176,3.32247)     (1.59157,1.22737,3.50831)     (1.50929,1.01673,3.51829)     (1.36606,0.989421,3.63158)     (1.3176,0.982821,3.6681)     (1.76536,1.09284,3.31337)     (1.79,0.905771,3.31061)     (1.80844,0.730469,3.31766)     (1.81369,0.665213,3.30704)     (1.62995,0.984712,3.50742)     (1.34412,0.852585,3.19754)     (1.25697,0.602167,3.15446)     (1.19129,0.584382,3.09537)     (1.70621,0.915248,3.43168)     (1.3435,0.80792,3.21625)     (1.60807,0.736975,3.4024)     (1.671,0.713812,3.45055)     
End frame 35;
At time 1414703720 Begin frame 36: (1.67749,1.01415,3.45934)     (1.68194,1.04542,3.45089)     (1.71421,1.18669,3.40776)     (1.70475,1.31192,3.32275)     (1.59097,1.22785,3.50869)     (1.51364,1.01241,3.51162)     (1.41314,0.942997,3.50572)     (1.38507,0.917124,3.44286)     (1.7656,1.0904,3.31347)     (1.79009,0.905386,3.31008)     (1.80992,0.7309,3.31853)     (1.81424,0.664057,3.3084)     (1.62973,0.983989,3.50846)     (1.33912,0.868708,3.19414)     (1.25459,0.625196,3.15401)     (1.18693,0.611863,3.09078)     (1.70667,0.916062,3.43128)     (1.35141,0.823202,3.18924)     (1.59533,0.745007,3.39387)     (1.66605,0.725362,3.46198)     
End frame 36;
At time 1414703720 Begin frame 37: (1.67997,1.01807,3.4564)     (1.68628,1.05045,3.44465)     (1.72636,1.20506,3.3764)     (1.69989,1.32357,3.31755)     (1.60193,1.29561,3.4804)     (1.53667,1.06814,3.50443)     (1.46134,0.940505,3.41966)     (1.42848,0.912903,3.34628)     (1.76571,1.08854,3.31241)     (1.79027,0.905163,3.30928)     (1.81233,0.731533,3.31807)     (1.81539,0.662736,3.30915)     (1.63034,0.984338,3.51013)     (1.33611,0.877757,3.19088)     (1.51691,0.757938,3.39156)     (1.56536,0.726833,3.44861)     (1.70692,0.918418,3.43057)     (1.35494,0.827433,3.17058)     (1.58925,0.745085,3.38695)     (1.68417,0.710766,3.3988)     
End frame 37;
At time 1414703720 Begin frame 38: (1.6817,1.02088,3.45454)     (1.68895,1.05363,3.4411)     (1.73001,1.21101,3.36691)     (1.69744,1.32994,3.31479)     (1.61199,1.33342,3.46643)     (1.54589,1.09119,3.50304)     (1.51348,0.901124,3.39167)     (1.46946,0.893797,3.29961)     (1.76595,1.08775,3.31089)     (1.7905,0.905159,3.30811)     (1.81428,0.732258,3.31784)     (1.81671,0.661488,3.30997)     (1.63107,0.984513,3.5119)     (1.33432,0.881182,3.18788)     (1.55717,0.778575,3.42217)     (1.60895,0.74572,3.48314)     (1.7069,0.921466,3.42985)     (1.3557,0.827536,3.15652)     (1.59015,0.743118,3.37162)     (1.6945,0.713802,3.4102)     
End frame 38;
At time 1414703720 Begin frame 39: (1.68417,1.02532,3.45135)     (1.69129,1.05634,3.43779)     (1.73405,1.20048,3.36035)     (1.70437,1.32773,3.30715)     (1.61605,1.34805,3.46121)     (1.553,1.11889,3.50769)     (1.53955,0.89131,3.3886)     (1.52041,0.870289,3.33645)     (1.76686,1.08726,3.30812)     (1.7908,0.905032,3.3065)     (1.81486,0.732494,3.3173)     (1.81681,0.689305,3.30582)     (1.63193,0.986414,3.51289)     (1.33207,0.887467,3.18417)     (1.57143,0.787068,3.4335)     (1.61943,0.744867,3.4949)     (1.70682,0.925822,3.42902)     (1.74485,0.644042,3.34873)     (1.869,0.342384,3.33626)     (1.84907,0.291578,3.29719)     
End frame 39;
At time 1414703720 Begin frame 40: (1.68571,1.02991,3.44936)     (1.69255,1.06069,3.43594)     (1.72228,1.22796,3.37911)     (1.70457,1.32952,3.30447)     (1.61851,1.35731,3.45778)     (1.55771,1.13885,3.5123)     (1.54702,0.896808,3.42918)     (1.54553,0.858658,3.34255)     (1.76846,1.08459,3.29797)     (1.79112,0.904902,3.30484)     (1.81578,0.729815,3.3144)     (1.81876,0.686315,3.30507)     (1.63284,0.988391,3.51364)     (1.33077,0.891314,3.18201)     (1.57771,0.785773,3.43906)     (1.62636,0.744603,3.50047)     (1.70675,0.929435,3.42826)     (1.82385,0.609724,3.37744)     (1.9215,0.25965,3.32029)     (1.8879,0.19966,3.26675)     
End frame 40;
At time 1414703720 Begin frame 41: (1.68658,1.03329,3.4482)     (1.69316,1.06418,3.43503)     (1.71602,1.24109,3.38967)     (1.70444,1.33071,3.30233)     (1.62085,1.36117,3.45524)     (1.56153,1.14803,3.51214)     (1.56354,0.890956,3.42102)     (1.55564,0.854906,3.36506)     (1.76938,1.08325,3.29144)     (1.79149,0.904681,3.30278)     (1.81573,0.729684,3.31291)     (1.81838,0.700491,3.30282)     (1.63362,0.990122,3.51415)     (1.32996,0.893942,3.18058)     (1.58099,0.785541,3.44304)     (1.62971,0.744786,3.50474)     (1.70666,0.93225,3.42764)     (1.87537,0.585516,3.40673)     (1.95744,0.206382,3.31617)     (1.90251,0.1456,3.25142)     
End frame 41;
At time 1414703720 Begin frame 42: (1.68716,1.03546,3.44736)     (1.69354,1.06636,3.43434)     (1.71413,1.24448,3.39227)     (1.70401,1.33168,3.30111)     (1.62257,1.36019,3.45421)     (1.57082,1.14425,3.503)     (1.56682,0.884629,3.42742)     (1.55717,0.843595,3.38111)     (1.76852,1.09255,3.2817)     (1.79182,0.904558,3.30088)     (1.81334,0.730281,3.31366)     (1.81867,0.704352,3.30217)     (1.63451,0.991467,3.51401)     (1.32939,0.895835,3.17949)     (1.58455,0.784974,3.44314)     (1.63267,0.744288,3.50445)     (1.70668,0.93457,3.42699)     (1.84242,0.603849,3.39104)     (1.96198,0.206455,3.31037)     (1.90353,0.14507,3.24551)     
End frame 42;
At time 1414703720 Begin frame 43: (1.68759,1.03667,3.44678)     (1.69385,1.06766,3.43383)     (1.71278,1.24598,3.39414)     (1.7034,1.33268,3.3003)     (1.62468,1.35018,3.45391)     (1.58243,1.12917,3.4879)     (1.58811,0.87235,3.46089)     (1.57056,0.833609,3.40771)     (1.7679,1.09722,3.27962)     (1.79223,0.904677,3.29894)     (1.81157,0.731091,3.31432)     (1.81887,0.706889,3.30168)     (1.63576,0.99228,3.51348)     (1.32908,0.897286,3.17865)     (1.58239,0.780585,3.43775)     (1.63757,0.743682,3.50497)     (1.70699,0.936168,3.42598)     (1.88188,0.587577,3.40943)     (1.97203,0.203744,3.3172)     (1.91208,0.141636,3.25148)     
End frame 43;
At time 1414703720 Begin frame 44: (1.68971,1.03065,3.44573)     (1.6945,1.0664,3.43357)     (1.71194,1.24639,3.39544)     (1.70296,1.33321,3.2994)     (1.62198,1.27978,3.4589)     (1.56597,1.08984,3.45973)     (1.59589,0.84785,3.4756)     (1.57647,0.818003,3.42192)     (1.76714,1.10039,3.27945)     (1.79277,0.905013,3.29737)     (1.81118,0.731635,3.31403)     (1.81895,0.696016,3.30292)     (1.64361,0.984392,3.50917)     (1.32927,0.898136,3.17791)     (1.57612,0.774548,3.42725)     (1.62519,0.737805,3.48586)     (1.70887,0.935876,3.42344)     (1.91395,0.554778,3.40113)     (1.99954,0.19635,3.29475)     (1.93597,0.144658,3.22654)     
End frame 44;
At time 1414703720 Begin frame 45: (1.69127,1.02386,3.44545)     (1.69501,1.0643,3.43374)     (1.71001,1.26475,3.40232)     (1.70154,1.33287,3.29437)     (1.61992,1.23696,3.4626)     (1.56372,1.07922,3.45797)     (1.60037,0.841894,3.48112)     (1.58023,0.812201,3.4289)     (1.76716,1.10127,3.27965)     (1.79326,0.905183,3.29627)     (1.81097,0.732244,3.31312)     (1.81855,0.693549,3.30286)     (1.64829,0.978566,3.5066)     (1.3299,0.898399,3.17727)     (1.5739,0.771482,3.41915)     (1.62186,0.736319,3.47432)     (1.71216,0.932704,3.41999)     (1.90503,0.545446,3.37759)     (2.00067,0.217563,3.28194)     (1.94176,0.174731,3.2167)     
End frame 45;
At time 1414703720 Begin frame 46: (1.69737,1.00995,3.44081)     (1.7019,1.04723,3.42864)     (1.7182,1.22639,3.3928)     (1.70278,1.32133,3.29014)     (1.61951,1.21715,3.46489)     (1.57859,1.02198,3.44862)     (1.60086,0.789524,3.45872)     (1.58119,0.762892,3.41605)     (1.76755,1.10068,3.28089)     (1.79393,0.904964,3.2954)     (1.81087,0.732346,3.31249)     (1.81801,0.689912,3.30293)     (1.6583,0.962248,3.5017)     (1.33717,0.882906,3.17716)     (1.57679,0.765668,3.41499)     (1.62428,0.734077,3.46937)     (1.72601,0.919262,3.40387)     (1.88215,0.558071,3.36675)     (1.98832,0.231792,3.29344)     (1.9365,0.184442,3.23175)     
End frame 46;
At time 1414703720 Begin frame 47: (1.7028,0.991819,3.43631)     (1.70713,1.02861,3.4245)     (1.72385,1.20054,3.38555)     (1.70501,1.3127,3.28801)     (1.62057,1.20557,3.46522)     (1.59466,0.986814,3.45172)     (1.60131,0.773624,3.45239)     (1.58236,0.748604,3.41427)     (1.76821,1.09706,3.28341)     (1.79828,0.891076,3.29752)     (1.81184,0.721357,3.31117)     (1.81554,0.667642,3.30422)     (1.66549,0.946974,3.4986)     (1.34939,0.867099,3.17284)     (1.58076,0.760712,3.41086)     (1.62708,0.732311,3.46578)     (1.73216,0.907856,3.39571)     (1.87888,0.551114,3.36101)     (1.98805,0.237335,3.29849)     (1.9392,0.191149,3.24207)     
End frame 47;
At time 1414703720 Begin frame 48: (1.70763,0.976142,3.43175)     (1.71155,1.01298,3.41995)     (1.72797,1.185,3.37667)     (1.70981,1.2992,3.2816)     (1.62471,1.19755,3.46362)     (1.60552,0.971361,3.4552)     (1.60164,0.766027,3.45011)     (1.58337,0.740544,3.41407)     (1.76844,1.09332,3.28597)     (1.80127,0.881782,3.2988)     (1.81273,0.714349,3.31005)     (1.81436,0.655817,3.30527)     (1.67096,0.935821,3.49654)     (1.35821,0.856483,3.17007)     (1.58296,0.756911,3.40822)     (1.62841,0.730331,3.46372)     (1.73642,0.897757,3.38964)     (1.87749,0.544592,3.35798)     (1.98916,0.241523,3.30706)     (1.94317,0.195171,3.2569)     
End frame 48;
At time 1414703720 Begin frame 49: (1.7109,0.958089,3.42635)     (1.71497,0.99403,3.41362)     (1.73492,1.16478,3.35964)     (1.72062,1.27256,3.26179)     (1.65035,1.18363,3.44595)     (1.6102,0.961102,3.45463)     (1.59979,0.763189,3.44644)     (1.58205,0.736177,3.41165)     (1.76865,1.08716,3.28794)     (1.80211,0.876163,3.29926)     (1.81366,0.710429,3.3094)     (1.81505,0.649631,3.305)     (1.67492,0.925266,3.49418)     (1.36422,0.848611,3.16777)     (1.58376,0.754157,3.40629)     (1.62868,0.727452,3.46238)     (1.73792,0.8865,3.38506)     (1.87756,0.536744,3.35819)     (1.99317,0.243873,3.32265)     (1.94989,0.195455,3.27966)     
End frame 49;
At time 1414703720 Begin frame 50: (1.71274,0.947424,3.42343)     (1.71686,0.982691,3.41042)     (1.73789,1.15269,3.35394)     (1.72928,1.25286,3.25313)     (1.66189,1.17792,3.4378)     (1.61449,0.95516,3.45451)     (1.59642,0.761552,3.44057)     (1.58053,0.73213,3.4083)     (1.76931,1.08209,3.28901)     (1.80258,0.875845,3.29806)     (1.81402,0.711876,3.30844)     (1.81485,0.6502,3.30548)     (1.67748,0.917613,3.49203)     (1.36833,0.843052,3.16599)     (1.58415,0.751872,3.40462)     (1.62851,0.725036,3.4612)     (1.73872,0.87926,3.38249)     (1.86322,0.543583,3.37371)     (1.97159,0.244714,3.38522)     (1.93093,0.184742,3.34879)     
End frame 50;
At time 1414703720 Begin frame 51: (1.71226,0.934796,3.42838)     (1.7153,0.970133,3.41746)     (1.72425,1.14968,3.3838)     (1.73356,1.23578,3.25561)     (1.66434,1.17979,3.44311)     (1.61005,0.965244,3.47391)     (1.59457,0.766381,3.43671)     (1.57964,0.731635,3.40566)     (1.76398,1.09746,3.29657)     (1.80278,0.878624,3.29672)     (1.81381,0.715424,3.30686)     (1.81421,0.654384,3.30385)     (1.67887,0.911962,3.49011)     (1.37118,0.839051,3.16446)     (1.58369,0.749746,3.40329)     (1.62714,0.722896,3.46071)     (1.73843,0.874881,3.40402)     (1.85989,0.538717,3.36999)     (1.95934,0.248822,3.33778)     (1.91479,0.195888,3.29695)     
End frame 51;
At time 1414703720 Begin frame 52: (1.71173,0.927673,3.43142)     (1.71414,0.963524,3.42189)     (1.717,1.15877,3.40088)     (1.73012,1.22489,3.26925)     (1.66423,1.19061,3.45105)     (1.60618,0.982886,3.48856)     (1.5948,0.775713,3.43444)     (1.57964,0.739636,3.40221)     (1.75911,1.1,3.30851)     (1.80258,0.879418,3.29912)     (1.79696,0.697607,3.3242)     (1.7865,0.624449,3.33786)     (1.67937,0.906192,3.48741)     (1.37345,0.835555,3.16255)     (1.58256,0.747506,3.40167)     (1.62536,0.720783,3.46004)     (1.73798,0.871868,3.41154)     (1.8587,0.533889,3.36581)     (1.95721,0.250605,3.31505)     (1.91161,0.201535,3.26864)     
End frame 52;
At time 1414703720 Begin frame 53: (1.71268,0.919399,3.43235)     (1.71437,0.956687,3.42382)     (1.71519,1.15437,3.40676)     (1.72847,1.20748,3.27971)     (1.66532,1.19062,3.4536)     (1.60577,0.984813,3.49342)     (1.5956,0.776658,3.43277)     (1.58056,0.739845,3.40008)     (1.75721,1.10112,3.31324)     (1.80223,0.88022,3.30047)     (1.79362,0.706206,3.31672)     (1.78427,0.634371,3.33164)     (1.69084,0.884607,3.45811)     (1.37599,0.830369,3.15518)     (1.57971,0.743391,3.39543)     (1.62174,0.717017,3.45599)     (1.73795,0.869835,3.41587)     (1.85943,0.529625,3.35875)     (1.95911,0.25383,3.2897)     (1.91282,0.208113,3.2398)     
End frame 53;
At time 1414703720 Begin frame 54: (1.71807,0.90519,3.42971)     (1.71885,0.944197,3.42204)     (1.71963,1.14295,3.40305)     (1.71793,1.241,3.30723)     (1.66697,1.18919,3.45399)     (1.6067,0.984822,3.49503)     (1.60042,0.775122,3.42767)     (1.58534,0.737927,3.39332)     (1.7571,1.10118,3.31339)     (1.80218,0.880609,3.30098)     (1.79619,0.703569,3.31563)     (1.78753,0.632712,3.33121)     (1.6995,0.871525,3.44181)     (1.3786,0.826582,3.14915)     (1.57784,0.740178,3.39019)     (1.61871,0.713667,3.45243)     (1.73866,0.867474,3.41845)     (1.86505,0.52449,3.34721)     (1.96879,0.256534,3.26314)     (1.92148,0.212799,3.21281)     
End frame 54;
At time 1414703720 Begin frame 55: (1.72125,0.900448,3.42794)     (1.72241,0.940838,3.41922)     (1.73116,1.15763,3.36686)     (1.70607,1.28331,3.31356)     (1.67146,1.19903,3.43709)     (1.61382,0.999506,3.47106)     (1.61405,0.791577,3.39853)     (1.59867,0.756165,3.35974)     (1.75855,1.09854,3.30889)     (1.80167,0.884392,3.2943)     (1.80015,0.702238,3.31436)     (1.793,0.632345,3.3312)     (1.70391,0.866849,3.4345)     (1.38169,0.824258,3.1442)     (1.57716,0.738196,3.386)     (1.61686,0.711107,3.44936)     (1.73942,0.866194,3.42022)     (1.89454,0.54277,3.2901)     (2.01239,0.300737,3.17019)     (1.96643,0.260538,3.1164)     
End frame 55;
At time 1414703720 Begin frame 56: (1.73422,0.889855,3.41489)     (1.7338,0.933787,3.40498)     (1.73859,1.1635,3.3429)     (1.70838,1.29572,3.28662)     (1.6748,1.20407,3.4234)     (1.70395,1.02055,3.36939)     (1.73819,0.814127,3.32857)     (1.73503,0.767828,3.32107)     (1.76654,1.08707,3.29664)     (1.80125,0.887211,3.28954)     (1.80219,0.701926,3.31378)     (1.79912,0.633477,3.33078)     (1.71919,0.84927,3.40527)     (1.38982,0.819283,3.12598)     (1.57975,0.732914,3.36779)     (1.61727,0.704329,3.43278)     (1.75406,0.857324,3.41857)     (1.9162,0.556977,3.21904)     (2.03277,0.339989,3.05543)     (1.98696,0.30525,2.99858)     
End frame 56;
At time 1414703720 Begin frame 57: (1.74047,0.884846,3.40871)     (1.73965,0.930301,3.39764)     (1.74252,1.16468,3.32957)     (1.71002,1.29967,3.27289)     (1.67739,1.20634,3.41166)     (1.76286,1.02922,3.30251)     (1.81784,0.824577,3.28661)     (1.82238,0.771022,3.29893)     (1.77077,1.07993,3.2887)     (1.80079,0.888398,3.28582)     (1.80424,0.70162,3.31311)     (1.80463,0.634537,3.32987)     (1.72434,0.843493,3.39641)     (1.3959,0.814986,3.11543)     (1.5824,0.728338,3.35643)     (1.61981,0.694223,3.41421)     (1.76185,0.852629,3.41763)     (1.92415,0.562739,3.19382)     (2.04091,0.358162,3.00797)     (1.99526,0.325632,2.94997)     
End frame 57;
At time 1414703720 Begin frame 58: (1.74448,0.882627,3.40484)     (1.74336,0.9288,3.3931)     (1.74459,1.16536,3.32294)     (1.712,1.29998,3.26394)     (1.67902,1.20759,3.40433)     (1.78261,1.03301,3.28023)     (1.84747,0.851692,3.27298)     (1.8568,0.782823,3.28743)     (1.77315,1.0759,3.28415)     (1.80048,0.88758,3.28483)     (1.80665,0.700454,3.31366)     (1.80949,0.6344,3.33038)     (1.72782,0.84093,3.39072)     (1.4028,0.811556,3.10613)     (1.58677,0.724682,3.34584)     (1.62221,0.690051,3.40511)     (1.76668,0.850606,3.41719)     (1.92539,0.574077,3.16935)     (2.03417,0.385914,2.9605)     (1.988,0.356095,2.90197)     
End frame 58;
At time 1414703720 Begin frame 59: (1.74703,0.881374,3.40237)     (1.74569,0.927899,3.39019)     (1.74681,1.16155,3.31713)     (1.7138,1.29673,3.25602)     (1.68088,1.20564,3.39713)     (1.77775,1.0164,3.28904)     (1.87657,0.849192,3.2548)     (1.87662,0.781851,3.27962)     (1.77451,1.07299,3.28079)     (1.79928,0.887348,3.28132)     (1.80826,0.700227,3.31265)     (1.81318,0.635326,3.3286)     (1.72945,0.842164,3.38914)     (1.40758,0.809437,3.10056)     (1.58989,0.722478,3.33916)     (1.62499,0.687013,3.39778)     (1.76964,0.849379,3.41696)     (1.91693,0.582722,3.1522)     (2.00764,0.401906,2.93179)     (1.95976,0.373832,2.87423)     
End frame 59;
At time 1414703721 Begin frame 60: (1.74955,0.880261,3.39956)     (1.74832,0.926816,3.38661)     (1.74869,1.15766,3.31317)     (1.71525,1.29331,3.25107)     (1.68261,1.20326,3.39125)     (1.77523,1.00444,3.30427)     (1.83572,0.812904,3.28269)     (1.87211,0.769389,3.28316)     (1.77539,1.07104,3.27845)     (1.79821,0.887382,3.27849)     (1.80959,0.700306,3.31156)     (1.81602,0.636457,3.32678)     (1.73185,0.842253,3.38626)     (1.41088,0.807845,3.09671)     (1.59206,0.720848,3.33428)     (1.62613,0.685164,3.39352)     (1.77187,0.848335,3.41657)     (1.91662,0.587301,3.14345)     (2.00469,0.410883,2.92095)     (1.95679,0.383402,2.86419)     
End frame 60;
At time 1414703721 Begin frame 61: (1.75198,0.872717,3.40115)     (1.75119,0.921077,3.38598)     (1.75187,1.15197,3.31097)     (1.71602,1.28869,3.2457)     (1.68523,1.19969,3.38643)     (1.77542,0.993904,3.31015)     (1.84669,0.809321,3.27566)     (1.85816,0.755779,3.28833)     (1.776,1.06965,3.27697)     (1.7976,0.888528,3.27605)     (1.8112,0.701516,3.31011)     (1.81885,0.638892,3.32457)     (1.73355,0.840708,3.39095)     (1.41383,0.799573,3.10048)     (1.59368,0.713548,3.33568)     (1.62644,0.677985,3.39591)     (1.77316,0.835911,3.42009)     (1.92714,0.623183,3.12572)     (2.03745,0.496437,2.88639)     (1.99176,0.472397,2.82792)     
End frame 61;
At time 1414703721 Begin frame 62: (1.75242,0.864811,3.40413)     (1.75258,0.914931,3.3869)     (1.75425,1.14807,3.31006)     (1.71648,1.28256,3.23945)     (1.68737,1.19689,3.38314)     (1.77358,0.989345,3.31521)     (1.82397,0.794492,3.29153)     (1.84507,0.747206,3.29459)     (1.77655,1.06844,3.27587)     (1.7975,0.889693,3.27396)     (1.81298,0.702991,3.3085)     (1.82146,0.641302,3.32237)     (1.73027,0.835934,3.4003)     (1.41466,0.792439,3.10453)     (1.59369,0.707143,3.3377)     (1.62566,0.672127,3.39863)     (1.77302,0.822767,3.42457)     (1.93519,0.661788,3.11123)     (2.06167,0.584359,2.85737)     (2.01798,0.564695,2.79679)     
End frame 62;
At time 1414703721 Begin frame 63: (1.75134,0.849283,3.41508)     (1.7525,0.897731,3.39565)     (1.75717,1.12279,3.30938)     (1.71717,1.27489,3.23376)     (1.69044,1.18114,3.37839)     (1.77023,0.97768,3.32144)     (1.81765,0.781139,3.29647)     (1.83513,0.731443,3.30029)     (1.77686,1.06745,3.27522)     (1.79855,0.889047,3.27307)     (1.81608,0.702616,3.30766)     (1.82487,0.641519,3.32122)     (1.72697,0.830301,3.41154)     (1.42076,0.789492,3.10369)     (1.59912,0.704401,3.33542)     (1.62984,0.669533,3.39691)     (1.77275,0.808796,3.43416)     (1.9343,0.663172,3.11441)     (2.0513,0.549485,2.88637)     (2.00745,0.523424,2.82936)     
End frame 63;
At time 1414703721 Begin frame 64: (1.75683,0.830266,3.39231)     (1.75667,0.878944,3.38212)     (1.75897,1.10657,3.31184)     (1.71813,1.2693,3.2303)     (1.69291,1.16701,3.37703)     (1.76447,0.961153,3.3302)     (1.81119,0.766378,3.29881)     (1.82891,0.720917,3.30387)     (1.77707,1.06666,3.2748)     (1.79995,0.890258,3.27188)     (1.8196,0.704986,3.306)     (1.82855,0.644325,3.31927)     (1.73324,0.813654,3.384)     (1.42834,0.800842,3.08572)     (1.60623,0.716622,3.31439)     (1.63855,0.6853,3.37504)     (1.77772,0.796067,3.41418)     (1.90959,0.55235,3.18446)     (1.99558,0.318957,3.0501)     (1.95003,0.285398,2.99864)     
End frame 64;
At time 1414703721 Begin frame 65: (1.76222,0.818952,3.3853)     (1.76206,0.86501,3.37634)     (1.76538,1.07205,3.32145)     (1.72419,1.24616,3.23597)     (1.6987,1.13827,3.38072)     (1.76429,0.931535,3.33725)     (1.80951,0.750212,3.29849)     (1.82513,0.703423,3.30582)     (1.77719,1.06603,3.2747)     (1.80178,0.889653,3.27193)     (1.82259,0.70492,3.3058)     (1.83144,0.644588,3.31885)     (1.74325,0.802592,3.37666)     (1.43287,0.799464,3.08197)     (1.61031,0.715412,3.3095)     (1.64428,0.683531,3.36964)     (1.78069,0.789886,3.40582)     (1.91279,0.495761,3.22878)     (2.01024,0.273985,3.10116)     (1.96528,0.23847,3.05143)     
End frame 65;
At time 1414703721 Begin frame 66: (1.76593,0.814406,3.38093)     (1.76568,0.860288,3.37242)     (1.76809,1.08528,3.32034)     (1.72537,1.24159,3.2354)     (1.70096,1.13454,3.38014)     (1.76032,0.940363,3.34027)     (1.80666,0.74931,3.29887)     (1.82112,0.702383,3.30777)     (1.77718,1.06025,3.27681)     (1.80316,0.888616,3.2718)     (1.82467,0.704399,3.30539)     (1.83344,0.644322,3.31832)     (1.74993,0.797678,3.37142)     (1.43646,0.798104,3.0792)     (1.6135,0.714197,3.30588)     (1.64719,0.683003,3.36628)     (1.78282,0.78641,3.40121)     (1.97412,0.589488,3.16717)     (2.13171,0.485598,2.95868)     (2.0946,0.463298,2.89643)     
End frame 66;
At time 1414703721 Begin frame 67: (1.76815,0.811209,3.37925)     (1.76774,0.856567,3.37111)     (1.77127,1.07188,3.32912)     (1.72852,1.23045,3.24044)     (1.70438,1.1215,3.38569)     (1.76075,0.9316,3.34106)     (1.80587,0.742308,3.29459)     (1.8194,0.695738,3.30588)     (1.77723,1.05772,3.27767)     (1.80403,0.889383,3.27056)     (1.82621,0.70585,3.30354)     (1.83484,0.64584,3.31642)     (1.75358,0.794694,3.36952)     (1.43957,0.796681,3.07776)     (1.61617,0.71296,3.30373)     (1.64984,0.681567,3.3647)     (1.784,0.784103,3.39917)     (1.95009,0.509698,3.23967)     (2.06778,0.297756,3.11968)     (2.02102,0.258253,3.07319)     
End frame 67;
At time 1414703721 Begin frame 68: (1.77012,0.809386,3.37882)     (1.7694,0.854034,3.37045)     (1.77217,1.06494,3.33017)     (1.7297,1.22568,3.24147)     (1.70592,1.11355,3.38673)     (1.76147,0.924547,3.3392)     (1.80585,0.736708,3.2902)     (1.81856,0.690258,3.30347)     (1.77691,1.05628,3.27602)     (1.80488,0.888699,3.26956)     (1.81434,0.722778,3.29045)     (1.82295,0.662014,3.30577)     (1.75693,0.793035,3.36999)     (1.4427,0.795148,3.07745)     (1.61877,0.711659,3.30271)     (1.65143,0.680423,3.36394)     (1.78503,0.783001,3.39798)     (1.94313,0.486093,3.26347)     (2.04673,0.242882,3.17151)     (2.00106,0.20302,3.12713)     
End frame 68;
At time 1414703721 Begin frame 69: (1.7732,0.810081,3.37812)     (1.7719,0.853904,3.36928)     (1.77143,1.06629,3.32548)     (1.72932,1.22872,3.23856)     (1.70671,1.11046,3.38605)     (1.76108,0.924114,3.33732)     (1.8058,0.736315,3.28716)     (1.81776,0.688341,3.30275)     (1.7757,1.06191,3.26841)     (1.8056,0.888738,3.26851)     (1.80899,0.731619,3.2847)     (1.81134,0.67827,3.29646)     (1.76146,0.793727,3.3692)     (1.44552,0.793619,3.07723)     (1.62102,0.710383,3.30186)     (1.65249,0.679027,3.36332)     (1.7876,0.785127,3.39672)     (1.97723,0.568859,3.19081)     (2.12163,0.442339,2.98978)     (2.0812,0.413709,2.93331)     
End frame 69;
At time 1414703721 Begin frame 70: (1.77484,0.809888,3.37732)     (1.77331,0.853315,3.36828)     (1.77101,1.06555,3.324)     (1.72937,1.22892,3.23779)     (1.70725,1.10784,3.38598)     (1.76098,0.922755,3.33676)     (1.8062,0.735651,3.28514)     (1.81738,0.686858,3.30218)     (1.77573,1.06215,3.26755)     (1.80617,0.889472,3.26798)     (1.80458,0.740178,3.28188)     (1.80312,0.691508,3.29216)     (1.76367,0.79349,3.36863)     (1.44742,0.792384,3.07704)     (1.6225,0.709367,3.30116)     (1.65359,0.678097,3.36267)     (1.78905,0.785691,3.39481)     (1.95962,0.54559,3.19219)     (2.05985,0.341645,3.03614)     (2.01624,0.307551,2.98607)     
End frame 70;
At time 1414703721 Begin frame 71: (1.77634,0.811259,3.37659)     (1.77475,0.855367,3.36658)     (1.76675,1.09072,3.30083)     (1.72768,1.2356,3.23331)     (1.70574,1.12024,3.37421)     (1.76243,0.939741,3.31964)     (1.80642,0.755175,3.28217)     (1.81712,0.695719,3.3009)     (1.77633,1.07491,3.25846)     (1.80654,0.920311,3.25297)     (1.79609,0.783199,3.26501)     (1.79087,0.739323,3.2731)     (1.76552,0.794758,3.36874)     (1.44923,0.791255,3.07703)     (1.62387,0.70845,3.30068)     (1.65447,0.677004,3.36221)     (1.79053,0.788184,3.39234)     (1.99959,0.591205,3.16732)     (2.13687,0.429306,2.99428)     (2.09993,0.396292,2.93877)     
End frame 71;
At time 1414703721 Begin frame 72: (1.77722,0.816168,3.3758)     (1.77527,0.861826,3.36482)     (1.76173,1.10974,3.29963)     (1.72638,1.24069,3.23022)     (1.7026,1.13424,3.37194)     (1.75749,0.963682,3.3217)     (1.80413,0.776034,3.28611)     (1.81564,0.709902,3.30298)     (1.77527,1.08784,3.25812)     (1.80259,0.945509,3.24513)     (1.78188,0.816082,3.26244)     (1.773,0.774521,3.27175)     (1.76638,0.79943,3.36981)     (1.45059,0.790376,3.0772)     (1.62485,0.707759,3.30041)     (1.65519,0.676319,3.36192)     (1.79149,0.794139,3.38876)     (2.00802,0.605086,3.15635)     (2.15963,0.46467,2.96981)     (2.12578,0.434778,2.91076)     
End frame 72;
At time 1414703721 Begin frame 73: (1.77765,0.823283,3.37538)     (1.77536,0.869995,3.36341)     (1.75928,1.11982,3.29877)     (1.72567,1.24424,3.22844)     (1.70029,1.1451,3.37015)     (1.75607,0.972044,3.32098)     (1.80337,0.787361,3.28856)     (1.81496,0.72134,3.30486)     (1.77455,1.09742,3.25788)     (1.80016,0.96011,3.24102)     (1.77535,0.832222,3.26081)     (1.76529,0.790927,3.27038)     (1.76657,0.806129,3.37134)     (1.45169,0.789824,3.07748)     (1.62559,0.707345,3.30028)     (1.65571,0.675897,3.36175)     (1.79208,0.80157,3.38623)     (2.01248,0.61247,3.15074)     (2.16894,0.478446,2.95984)     (2.13604,0.449156,2.8998)     
End frame 73;
At time 1414703721 Begin frame 74: (1.77814,0.827694,3.37487)     (1.77567,0.874724,3.36214)     (1.75834,1.12413,3.29702)     (1.72524,1.24652,3.2274)     (1.69943,1.15027,3.36766)     (1.75548,0.976486,3.31952)     (1.80322,0.791852,3.28909)     (1.81499,0.726527,3.30549)     (1.77451,1.10183,3.25659)     (1.80079,0.955389,3.24572)     (1.77801,0.822828,3.26737)     (1.76972,0.77853,3.27741)     (1.76702,0.809812,3.37173)     (1.45259,0.789398,3.07775)     (1.62617,0.707035,3.30018)     (1.65607,0.675549,3.3616)     (1.79256,0.806135,3.38474)     (2.00823,0.607683,3.15422)     (2.15213,0.449018,2.98312)     (2.11605,0.41466,2.92761)     
End frame 74;
At time 1414703721 Begin frame 75: (1.77845,0.830746,3.37453)     (1.7759,0.877856,3.3613)     (1.75823,1.12645,3.29569)     (1.72541,1.24866,3.22754)     (1.69907,1.15358,3.36603)     (1.7552,0.979515,3.31846)     (1.80376,0.794531,3.28989)     (1.81532,0.730107,3.3061)     (1.77463,1.10476,3.25574)     (1.80039,0.958541,3.24711)     (1.77748,0.825643,3.26907)     (1.76948,0.780895,3.27921)     (1.76729,0.812447,3.372)     (1.45444,0.792419,3.07775)     (1.62757,0.710141,3.29961)     (1.6571,0.678315,3.36088)     (1.79289,0.80914,3.38381)     (1.96871,0.546248,3.21769)     (2.07986,0.327996,3.10918)     (2.0384,0.286443,3.06301)     
End frame 75;
At time 1414703721 Begin frame 76: (1.77873,0.832577,3.37448)     (1.77613,0.879668,3.361)     (1.7604,1.12293,3.30169)     (1.72573,1.25196,3.23028)     (1.69908,1.15559,3.36636)     (1.75559,0.98056,3.31963)     (1.80499,0.794438,3.29167)     (1.81566,0.732475,3.30683)     (1.77126,1.09234,3.27652)     (1.80563,0.926758,3.26393)     (1.79624,0.767844,3.28711)     (1.79264,0.717536,3.29589)     (1.76755,0.813984,3.37222)     (1.45538,0.793555,3.07824)     (1.62818,0.711279,3.29967)     (1.65762,0.679559,3.36086)     (1.79316,0.810878,3.38363)     (1.96784,0.554134,3.20815)     (2.10257,0.390875,3.04021)     (2.06515,0.360597,2.98361)     
End frame 76;
At time 1414703721 Begin frame 77: (1.77612,0.834312,3.37791)     (1.77505,0.881477,3.36271)     (1.76244,1.1236,3.30486)     (1.72584,1.25438,3.2322)     (1.69971,1.15835,3.36714)     (1.7563,0.98232,3.32057)     (1.80546,0.795863,3.29265)     (1.81611,0.735562,3.30776)     (1.77004,1.08398,3.28711)     (1.80588,0.902514,3.27326)     (1.79821,0.755957,3.29149)     (1.79526,0.705482,3.29995)     (1.76074,0.815486,3.38153)     (1.45604,0.794309,3.07953)     (1.62851,0.712036,3.30034)     (1.65793,0.680509,3.36149)     (1.78919,0.809522,3.38848)     (1.9593,0.577412,3.18183)     (2.08754,0.432324,2.99351)     (2.04759,0.403594,2.93894)     
End frame 77;
At time 1414703721 Begin frame 78: (1.76927,0.843315,3.38684)     (1.77023,0.888513,3.36908)     (1.76319,1.12437,3.30661)     (1.72624,1.26352,3.24105)     (1.69994,1.16071,3.3678)     (1.75659,0.983783,3.32125)     (1.80558,0.797159,3.29352)     (1.81623,0.738665,3.30872)     (1.76956,1.08066,3.29164)     (1.80609,0.892411,3.27787)     (1.8011,0.747282,3.29466)     (1.7982,0.697879,3.30247)     (1.74874,0.825492,3.39557)     (1.45649,0.810207,3.08412)     (1.62802,0.728333,3.30367)     (1.65759,0.697677,3.36445)     (1.78537,0.813835,3.3955)     (1.94758,0.590476,3.16928)     (2.06635,0.452833,2.96689)     (2.02462,0.427434,2.91081)     
End frame 78;
At time 1414703721 Begin frame 79: (1.75345,0.878772,3.40169)     (1.75516,0.921502,3.38283)     (1.76106,1.13132,3.30909)     (1.72644,1.27078,3.24881)     (1.69832,1.1678,3.3693)     (1.75538,0.988722,3.3227)     (1.80392,0.802042,3.29511)     (1.81406,0.74818,3.31083)     (1.76921,1.07879,3.29447)     (1.80617,0.886616,3.28091)     (1.80456,0.740408,3.29685)     (1.80183,0.691519,3.30427)     (1.73039,0.85644,3.41265)     (1.4535,0.839379,3.09095)     (1.62378,0.758251,3.30893)     (1.65368,0.72743,3.36881)     (1.77403,0.840914,3.4109)     (1.93589,0.598674,3.17145)     (2.04424,0.453665,2.97606)     (2.00172,0.427541,2.92142)     
End frame 79;
At time 1414703721 Begin frame 80: (1.74667,0.893696,3.4096)     (1.74866,0.935362,3.38996)     (1.75888,1.13706,3.31107)     (1.72418,1.29206,3.28076)     (1.69661,1.17394,3.37081)     (1.75393,0.993434,3.32423)     (1.80184,0.806895,3.29683)     (1.8117,0.756343,3.3129)     (1.76863,1.07715,3.29603)     (1.80626,0.882864,3.28291)     (1.80634,0.736306,3.29822)     (1.80452,0.687232,3.30533)     (1.72348,0.870098,3.42375)     (1.45114,0.85508,3.09928)     (1.62064,0.774158,3.31611)     (1.64699,0.752455,3.38141)     (1.76907,0.851234,3.41776)     (1.92865,0.60457,3.17482)     (2.03282,0.453165,2.98739)     (1.98985,0.425646,2.93498)     
End frame 80;
At time 1414703721 Begin frame 81: (1.74363,0.90051,3.41322)     (1.74565,0.941959,3.39337)     (1.75679,1.14193,3.31318)     (1.72273,1.29935,3.29137)     (1.69491,1.17932,3.37265)     (1.75233,0.997991,3.32614)     (1.79953,0.811723,3.299)     (1.80937,0.763407,3.31527)     (1.76808,1.07595,3.29676)     (1.80612,0.880855,3.28466)     (1.80843,0.73369,3.29862)     (1.80711,0.684351,3.30555)     (1.72034,0.876272,3.42862)     (1.45065,0.860772,3.10295)     (1.61972,0.780048,3.31901)     (1.64559,0.759073,3.38457)     (1.76659,0.856398,3.42126)     (1.92435,0.608978,3.17744)     (2.02756,0.45332,2.99544)     (1.98472,0.424896,2.94426)     
End frame 81;
At time 1414703721 Begin frame 82: (1.74534,0.891383,3.4191)     (1.74617,0.934485,3.4008)     (1.75311,1.13867,3.32791)     (1.71833,1.30061,3.30295)     (1.69254,1.18018,3.38143)     (1.74985,0.998413,3.33526)     (1.79609,0.812292,3.3087)     (1.80633,0.765476,3.32466)     (1.76804,1.06195,3.3001)     (1.80604,0.880058,3.28639)     (1.81069,0.73196,3.29793)     (1.80985,0.682223,3.30463)     (1.7221,0.865859,3.43738)     (1.45212,0.861188,3.10804)     (1.62056,0.780931,3.32321)     (1.64649,0.758439,3.38871)     (1.77251,0.835299,3.42302)     (1.92408,0.628004,3.15714)     (2.02964,0.50459,2.94264)     (1.98675,0.480004,2.89002)     
End frame 82;
At time 1414703721 Begin frame 83: (1.74463,0.888794,3.42194)     (1.7449,0.933233,3.40501)     (1.74297,1.15788,3.36098)     (1.70892,1.3065,3.31798)     (1.68471,1.19556,3.40745)     (1.7417,1.01399,3.36179)     (1.78669,0.828415,3.3356)     (1.79758,0.782497,3.35124)     (1.76791,1.05818,3.30103)     (1.80607,0.880138,3.28778)     (1.81266,0.731299,3.29625)     (1.81225,0.681028,3.30284)     (1.72256,0.859792,3.44151)     (1.44307,0.85536,3.12519)     (1.61099,0.775414,3.33943)     (1.63768,0.751648,3.40313)     (1.77149,0.832924,3.42358)     (1.92195,0.599645,3.18974)     (2.03301,0.428541,3.02407)     (1.99107,0.397313,2.97554)     
End frame 83;
At time 1414703721 Begin frame 84: (1.74058,0.903892,3.433)     (1.73912,0.952826,3.42402)     (1.73279,1.18599,3.39933)     (1.70059,1.31752,3.33701)     (1.67445,1.22198,3.4459)     (1.73106,1.04112,3.40068)     (1.77514,0.856143,3.37449)     (1.78661,0.810347,3.38975)     (1.76289,1.08857,3.29991)     (1.79709,0.905233,3.29416)     (1.81378,0.731655,3.2947)     (1.81446,0.679558,3.30074)     (1.71747,0.873484,3.46226)     (1.43793,0.853405,3.14359)     (1.60538,0.773667,3.35704)     (1.63167,0.748529,3.41971)     (1.76671,0.855626,3.41973)     (1.91098,0.59434,3.21079)     (2.00559,0.397015,3.0785)     (1.96113,0.365451,3.03156)     
End frame 84;
At time 1414703721 Begin frame 85: (1.73808,0.907228,3.43696)     (1.73596,0.956445,3.43064)     (1.72625,1.18702,3.42183)     (1.69303,1.32012,3.36396)     (1.66802,1.22632,3.46839)     (1.7245,1.0458,3.42308)     (1.76823,0.861158,3.39667)     (1.7799,0.815512,3.41191)     (1.76077,1.10173,3.2984)     (1.79462,0.91221,3.29607)     (1.81429,0.731246,3.29444)     (1.81413,0.679219,3.29933)     (1.71491,0.876,3.46854)     (1.43228,0.851162,3.15538)     (1.59935,0.771549,3.36839)     (1.62581,0.74576,3.4303)     (1.76335,0.860749,3.41821)     (1.88533,0.552426,3.30071)     (1.97116,0.317238,3.22752)     (1.92492,0.278661,3.18803)     
End frame 85;
At time 1414703721 Begin frame 86: (1.7332,0.91188,3.44022)     (1.73235,0.959561,3.43499)     (1.72239,1.18733,3.43108)     (1.68445,1.32496,3.38516)     (1.66415,1.22883,3.4793)     (1.72057,1.04855,3.43396)     (1.76411,0.864141,3.40746)     (1.77585,0.818594,3.42271)     (1.75922,1.10841,3.29904)     (1.79296,0.916792,3.2975)     (1.80645,0.732055,3.30204)     (1.81321,0.68885,3.29458)     (1.70337,0.887455,3.47566)     (1.41953,0.866104,3.1676)     (1.58616,0.786658,3.38032)     (1.61426,0.759565,3.44092)     (1.75978,0.864714,3.41698)     (1.8739,0.534248,3.34363)     (1.95507,0.275877,3.31491)     (1.90907,0.233337,3.2783)     
End frame 86;
At time 1414703721 Begin frame 87: (1.71657,0.936954,3.44373)     (1.71393,0.984161,3.44009)     (1.70106,1.20667,3.4362)     (1.66426,1.35115,3.41153)     (1.64966,1.24231,3.49)     (1.70576,1.06264,3.44469)     (1.74928,0.878519,3.41807)     (1.76112,0.832708,3.43328)     (1.75658,1.11681,3.30247)     (1.79213,0.922675,3.29926)     (1.80547,0.733287,3.30336)     (1.80974,0.690415,3.29712)     (1.69271,0.899799,3.47837)     (1.40677,0.866047,3.1783)     (1.57304,0.786668,3.39078)     (1.60365,0.759503,3.44973)     (1.74844,0.883738,3.41679)     (1.86503,0.532471,3.36697)     (1.94555,0.271515,3.34649)     (1.90123,0.232191,3.30511)     
End frame 87;
At time 1414703721 Begin frame 88: (1.71047,0.9443,3.44552)     (1.7083,0.989137,3.44266)     (1.69577,1.17579,3.43703)     (1.65542,1.33051,3.41798)     (1.64267,1.23053,3.49703)     (1.70765,1.05291,3.41905)     (1.75829,0.876729,3.37708)     (1.76996,0.830547,3.39237)     (1.7547,1.12234,3.30552)     (1.79243,0.929689,3.30051)     (1.80581,0.737528,3.30584)     (1.80611,0.693974,3.30432)     (1.68685,0.906135,3.4793)     (1.39795,0.865782,3.18484)     (1.56395,0.786455,3.39713)     (1.59609,0.759523,3.4553)     (1.74265,0.892444,3.41752)     (1.86003,0.532784,3.38135)     (1.94316,0.280242,3.35861)     (1.90012,0.240236,3.31698)     
End frame 88;
At time 1414703721 Begin frame 89: (1.70517,0.937889,3.44611)     (1.70442,0.973643,3.44236)     (1.70763,1.13865,3.42865)     (1.67194,1.28785,3.42409)     (1.66934,1.15743,3.44032)     (1.69738,0.987003,3.38637)     (1.73082,0.808061,3.35338)     (1.7423,0.76157,3.36868)     (1.75531,1.12378,3.30718)     (1.79335,0.931374,3.30122)     (1.80624,0.740102,3.30753)     (1.80323,0.696098,3.31039)     (1.68247,0.906188,3.48083)     (1.39298,0.863578,3.18895)     (1.55877,0.784325,3.40102)     (1.59256,0.758654,3.45848)     (1.72984,0.875717,3.41394)     (1.86721,0.532248,3.38991)     (1.99058,0.295083,3.36738)     (1.95726,0.25119,3.32214)     
End frame 89;
At time 1414703722 Begin frame 90: (1.70364,0.929764,3.44433)     (1.70679,0.958548,3.4354)     (1.73487,1.10524,3.37748)     (1.72081,1.21556,3.30141)     (1.67629,1.13041,3.42452)     (1.64474,0.955231,3.42944)     (1.65693,0.791787,3.4162)     (1.66826,0.745164,3.43149)     (1.76698,1.0436,3.29752)     (1.79806,0.912298,3.30451)     (1.80648,0.740526,3.30824)     (1.8024,0.69688,3.31197)     (1.68003,0.901547,3.48419)     (1.3899,0.859581,3.19302)     (1.55545,0.780516,3.4048)     (1.58944,0.751219,3.46307)     (1.72392,0.86055,3.40995)     (1.87656,0.531177,3.39477)     (2.01577,0.304085,3.37)     (1.98574,0.257761,3.32489)     
End frame 90;
At time 1414703722 Begin frame 91: (1.70403,0.923575,3.44177)     (1.70907,0.950599,3.43023)     (1.74557,1.0971,3.35384)     (1.73214,1.20931,3.252)     (1.67744,1.11877,3.41811)     (1.61426,0.940429,3.45599)     (1.58297,0.781656,3.43172)     (1.59574,0.735111,3.44675)     (1.77022,1.01964,3.2907)     (1.79954,0.906569,3.3049)     (1.80671,0.741269,3.30907)     (1.80189,0.697468,3.3131)     (1.67901,0.896968,3.48634)     (1.38783,0.855277,3.19615)     (1.55317,0.776377,3.40766)     (1.58745,0.747427,3.46572)     (1.72212,0.852944,3.40714)     (1.88412,0.530573,3.39568)     (2.02789,0.308367,3.36993)     (1.9987,0.260695,3.3254)     
End frame 91;
At time 1414703722 Begin frame 92: (1.70509,0.919064,3.43967)     (1.71098,0.945938,3.42683)     (1.75064,1.09362,3.34416)     (1.74025,1.21191,3.21232)     (1.67487,1.1146,3.41673)     (1.59822,0.936561,3.46684)     (1.55236,0.778874,3.43929)     (1.57044,0.730702,3.4536)     (1.77187,1.00761,3.28838)     (1.80056,0.902308,3.30505)     (1.8071,0.742173,3.30976)     (1.80224,0.698268,3.31264)     (1.67882,0.89303,3.48768)     (1.38661,0.851341,3.19839)     (1.55176,0.77257,3.40967)     (1.58646,0.742166,3.46778)     (1.72157,0.848144,3.40539)     (1.88995,0.530302,3.39556)     (2.03496,0.310934,3.36994)     (2.00636,0.262426,3.32594)     
End frame 92;
At time 1414703722 Begin frame 93: (1.70707,0.917741,3.4361)     (1.71364,0.945572,3.42171)     (1.7517,1.10391,3.33764)     (1.73866,1.22551,3.20588)     (1.65601,1.12833,3.4358)     (1.5893,0.939008,3.47616)     (1.53852,0.77986,3.44639)     (1.55641,0.731731,3.4607)     (1.77199,1.00209,3.28593)     (1.80151,0.883325,3.30145)     (1.81031,0.734152,3.30873)     (1.80906,0.686877,3.31233)     (1.67903,0.890204,3.48836)     (1.38568,0.848112,3.20019)     (1.55069,0.769424,3.41131)     (1.58534,0.738186,3.46959)     (1.72325,0.846489,3.40217)     (1.87924,0.545346,3.39707)     (2.01185,0.310788,3.37787)     (1.97862,0.255122,3.33829)     
End frame 93;
At time 1414703722 Begin frame 94: (1.70861,0.917077,3.43357)     (1.71552,0.946167,3.41815)     (1.74756,1.13077,3.33671)     (1.73339,1.24734,3.21346)     (1.64474,1.14026,3.44571)     (1.58976,0.976149,3.48463)     (1.53673,0.841351,3.45196)     (1.54542,0.781778,3.46781)     (1.76806,1.02781,3.28051)     (1.80133,0.879448,3.30017)     (1.81175,0.734728,3.30791)     (1.81138,0.688566,3.31524)     (1.67906,0.888443,3.4887)     (1.38526,0.845614,3.20115)     (1.55015,0.766984,3.41212)     (1.58482,0.735495,3.47031)     (1.72522,0.846323,3.4004)     (1.8602,0.560443,3.4145)     (1.95966,0.306965,3.43314)     (1.92385,0.243704,3.40145)     
End frame 94;
At time 1414703722 Begin frame 95: (1.71134,0.918081,3.42974)     (1.718,0.949137,3.41389)     (1.74518,1.14364,3.33709)     (1.72917,1.26364,3.22094)     (1.64094,1.14818,3.44997)     (1.59118,0.99595,3.47159)     (1.57111,0.853788,3.48598)     (1.5707,0.802482,3.49495)     (1.76776,1.04699,3.27607)     (1.80078,0.877134,3.29862)     (1.81309,0.736331,3.30723)     (1.8136,0.690329,3.31685)     (1.6805,0.887436,3.48717)     (1.38553,0.843612,3.20114)     (1.55031,0.765019,3.41198)     (1.58513,0.733506,3.46972)     (1.72979,0.849344,3.39719)     (1.85478,0.568702,3.4165)     (1.94984,0.307503,3.44065)     (1.91362,0.241992,3.41065)     
End frame 95;
At time 1414703722 Begin frame 96: (1.71292,0.920582,3.42712)     (1.71926,0.954522,3.41064)     (1.74259,1.15429,3.33688)     (1.72194,1.27729,3.23458)     (1.63905,1.15333,3.45244)     (1.60301,0.998021,3.4718)     (1.5999,0.864985,3.51533)     (1.59641,0.814105,3.5203)     (1.76742,1.05759,3.27422)     (1.79926,0.877085,3.29606)     (1.81438,0.738272,3.30699)     (1.81573,0.692361,3.31837)     (1.681,0.887679,3.48689)     (1.38568,0.842345,3.20138)     (1.551,0.763518,3.4116)     (1.58949,0.717225,3.46183)     (1.73254,0.853305,3.39538)     (1.8426,0.578213,3.4285)     (1.73944,0.482317,3.55697)     (1.69168,0.52945,3.52187)     
End frame 96;
At time 1414703722 Begin frame 97: (1.71437,0.922894,3.42475)     (1.72022,0.958949,3.40814)     (1.7403,1.16312,3.33739)     (1.71728,1.28507,3.24346)     (1.63842,1.15629,3.45396)     (1.61241,0.996895,3.47151)     (1.61166,0.867222,3.52268)     (1.60637,0.818446,3.52867)     (1.76737,1.06494,3.27363)     (1.79838,0.876418,3.29536)     (1.81554,0.739942,3.30482)     (1.81731,0.693853,3.31804)     (1.68197,0.888137,3.48575)     (1.386,0.841273,3.20126)     (1.55198,0.76223,3.41065)     (1.59122,0.716193,3.45982)     (1.73568,0.85821,3.39282)     (1.84216,0.586234,3.42528)     (1.91716,0.365878,3.43443)     (1.89118,0.315311,3.39494)     
End frame 97;
At time 1414703722 Begin frame 98: (1.71557,0.926179,3.42242)     (1.72087,0.963645,3.4061)     (1.73898,1.16838,3.33785)     (1.71463,1.28982,3.25075)     (1.6393,1.15859,3.4547)     (1.61875,0.993592,3.4702)     (1.61888,0.863966,3.52273)     (1.61341,0.819537,3.5327)     (1.76733,1.06937,3.27332)     (1.79869,0.879752,3.29134)     (1.81586,0.742213,3.30366)     (1.81905,0.696043,3.31296)     (1.68304,0.889229,3.4844)     (1.387,0.840402,3.2004)     (1.55462,0.76131,3.40803)     (1.59402,0.70923,3.45365)     (1.73749,0.86227,3.39079)     (1.8388,0.590035,3.4261)     (1.87872,0.365313,3.46024)     (1.84453,0.319065,3.42771)     
End frame 98;
At time 1414703722 Begin frame 99: (1.71179,0.933077,3.40518)     (1.71696,0.970292,3.39443)     (1.73677,1.17136,3.33764)     (1.70872,1.28824,3.25009)     (1.63909,1.15837,3.44771)     (1.61287,0.977659,3.43677)     (1.61746,0.849449,3.4925)     (1.61875,0.812939,3.5196)     (1.76454,1.07194,3.26855)     (1.79804,0.88137,3.2852)     (1.81514,0.743617,3.30188)     (1.81458,0.697159,3.28643)     (1.67991,0.891692,3.46294)     (1.38908,0.837273,3.18396)     (1.55901,0.758604,3.38764)     (1.60106,0.719809,3.4231)     (1.7323,0.872068,3.36608)     (1.83443,0.596255,3.39941)     (1.91815,0.336157,3.39347)     (1.8826,0.276942,3.36142)     
End frame 99;
At time 1414703722 Begin frame 100: (1.71029,0.933529,3.39637)     (1.71483,0.971943,3.38741)     (1.73431,1.17267,3.33718)     (1.70436,1.28572,3.24832)     (1.6383,1.15577,3.44077)     (1.61032,0.967953,3.42475)     (1.61748,0.842837,3.48371)     (1.62168,0.804506,3.50934)     (1.76204,1.07175,3.2642)     (1.79511,0.882694,3.27113)     (1.80671,0.744478,3.28149)     (1.80909,0.703333,3.25296)     (1.67869,0.890318,3.45095)     (1.39046,0.834566,3.17171)     (1.57043,0.75774,3.36227)     (1.60278,0.704421,3.38901)     (1.73136,0.873824,3.35764)     (1.84586,0.569987,3.36442)     (1.95286,0.306156,3.33191)     (1.91499,0.247573,3.2965)     
End frame 100;
At time 1414703722 Begin frame 101: (1.70963,0.931155,3.38789)     (1.71337,0.97084,3.38001)     (1.73157,1.17242,3.33584)     (1.70114,1.2828,3.2456)     (1.63952,1.1452,3.42787)     (1.60913,0.961197,3.41939)     (1.61706,0.836744,3.47792)     (1.62335,0.796266,3.50191)     (1.76013,1.07146,3.26045)     (1.7918,0.881351,3.26465)     (1.80389,0.736894,3.27578)     (1.80726,0.693738,3.23794)     (1.67913,0.885742,3.43903)     (1.39171,0.831717,3.16059)     (1.57778,0.756321,3.34473)     (1.60353,0.698951,3.37611)     (1.73108,0.874184,3.35124)     (1.87073,0.554388,3.31176)     (1.99679,0.304697,3.24993)     (1.95925,0.251296,3.20859)     
End frame 101;
At time 1414703722 Begin frame 102: (1.71005,0.924674,3.38095)     (1.71272,0.966348,3.37365)     (1.72874,1.1708,3.33409)     (1.6992,1.28037,3.24325)     (1.64022,1.13348,3.41527)     (1.60835,0.956535,3.41645)     (1.61641,0.831981,3.47378)     (1.62413,0.789794,3.49628)     (1.7585,1.0707,3.25731)     (1.79051,0.880979,3.2614)     (1.80182,0.728693,3.2695)     (1.80643,0.688224,3.22807)     (1.68074,0.88016,3.43009)     (1.39331,0.828917,3.15145)     (1.58313,0.754715,3.33268)     (1.60413,0.694598,3.36714)     (1.73165,0.871724,3.34671)     (1.87391,0.54342,3.30124)     (1.99283,0.293267,3.24949)     (1.95271,0.242796,3.21005)     
End frame 102;
At time 1414703722 Begin frame 103: (1.71138,0.919432,3.37596)     (1.71326,0.961761,3.3686)     (1.7264,1.16598,3.33149)     (1.69805,1.27828,3.24116)     (1.64096,1.12492,3.40767)     (1.60813,0.953834,3.41417)     (1.61608,0.828447,3.4706)     (1.62486,0.78493,3.49173)     (1.75679,1.06843,3.254)     (1.79052,0.880564,3.25906)     (1.80045,0.725652,3.2665)     (1.80645,0.690075,3.22051)     (1.68281,0.875791,3.42426)     (1.39557,0.82653,3.14398)     (1.58764,0.753361,3.32402)     (1.60491,0.691246,3.36071)     (1.73387,0.868272,3.34216)     (1.89221,0.540848,3.28305)     (2.02759,0.304993,3.2156)     (1.99415,0.258662,3.16943)     
End frame 103;
At time 1414703722 Begin frame 104: (1.71354,0.910768,3.37154)     (1.71503,0.9524,3.36305)     (1.72542,1.15359,3.32312)     (1.69814,1.2755,3.23832)     (1.64297,1.1104,3.40082)     (1.60909,0.948075,3.41285)     (1.62309,0.799208,3.41612)     (1.63429,0.753946,3.43313)     (1.75512,1.06478,3.25068)     (1.78871,0.878468,3.24716)     (1.79359,0.722467,3.25734)     (1.80655,0.691143,3.21386)     (1.68555,0.869178,3.42)     (1.39813,0.823641,3.13764)     (1.59138,0.751523,3.31754)     (1.60589,0.687895,3.35599)     (1.73651,0.861913,3.33848)     (1.89673,0.535152,3.27781)     (2.02666,0.301115,3.2207)     (1.99125,0.255854,3.1774)     
End frame 104;
At time 1414703722 Begin frame 105: (1.72197,0.88878,3.36773)     (1.72247,0.930382,3.35706)     (1.72726,1.13367,3.31152)     (1.7014,1.26066,3.22023)     (1.64853,1.09668,3.39658)     (1.61208,0.937828,3.41075)     (1.6261,0.787433,3.39315)     (1.63835,0.741113,3.40761)     (1.75419,1.05827,3.24706)     (1.7878,0.877904,3.24261)     (1.7885,0.72091,3.2515)     (1.79539,0.685041,3.21905)     (1.69509,0.85417,3.41515)     (1.40271,0.819304,3.13162)     (1.59628,0.748269,3.31207)     (1.60813,0.683381,3.35246)     (1.74216,0.849308,3.3372)     (1.9046,0.530437,3.27403)     (2.0346,0.300908,3.218)     (1.99931,0.256058,3.17577)     
End frame 105;
At time 1414703722 Begin frame 106: (1.73689,0.850341,3.35994)     (1.73561,0.893792,3.34941)     (1.73071,1.11197,3.30611)     (1.70373,1.24997,3.20978)     (1.65474,1.06813,3.39553)     (1.6253,0.90909,3.40194)     (1.63208,0.771463,3.37343)     (1.64473,0.724898,3.38689)     (1.75434,1.04491,3.24472)     (1.78746,0.877698,3.24045)     (1.78399,0.72304,3.2495)     (1.78373,0.686999,3.23111)     (1.71533,0.819346,3.39571)     (1.40972,0.811281,3.12169)     (1.60281,0.741454,3.30381)     (1.61237,0.677469,3.34828)     (1.7581,0.811026,3.33658)     (1.90512,0.502569,3.27391)     (2.01741,0.269786,3.22272)     (1.97819,0.225647,3.18258)     
End frame 106;
At time 1414703722 Begin frame 107: (1.74236,0.835187,3.3587)     (1.74085,0.877204,3.34796)     (1.73804,1.05403,3.29883)     (1.7098,1.20524,3.20137)     (1.66524,1.05738,3.38664)     (1.6301,0.898649,3.39877)     (1.63671,0.760808,3.36189)     (1.6494,0.714399,3.37497)     (1.75908,0.98113,3.23814)     (1.7761,1.00527,3.19454)     (1.76474,0.829995,3.21525)     (1.76,0.7776,3.22074)     (1.72538,0.801754,3.40846)     (1.42199,0.801773,3.11992)     (1.61454,0.7323,3.30314)     (1.62254,0.666065,3.3485)     (1.76335,0.773018,3.34265)     (1.87212,0.48308,3.33637)     (1.96359,0.227249,3.33199)     (1.9193,0.170862,3.30916)     
End frame 107;
At time 1414703722 Begin frame 108: (1.75091,0.789696,3.3658)     (1.75028,0.827304,3.35368)     (1.74894,0.997137,3.3)     (1.7296,1.14082,3.22221)     (1.68161,1.03381,3.37261)     (1.64158,0.872045,3.39227)     (1.64826,0.730234,3.35113)     (1.66037,0.684794,3.36435)     (1.76747,0.925579,3.2384)     (1.81035,0.872467,3.26345)     (1.75547,0.759181,3.22771)     (1.73745,0.717959,3.22885)     (1.73467,0.762438,3.40756)     (1.44595,0.759133,3.10547)     (1.6371,0.689718,3.29044)     (1.64853,0.622449,3.33771)     (1.76872,0.73583,3.35289)     (1.86814,0.426128,3.37251)     (1.94471,0.178445,3.38254)     (1.90036,0.126742,3.35585)     
End frame 108;
At time 1414703722 Begin frame 109: (1.75053,0.766402,3.37545)     (1.74724,0.800384,3.36859)     (1.72594,0.985557,3.34999)     (1.75511,1.07634,3.25938)     (1.67382,1.02859,3.39085)     (1.64895,0.860741,3.38976)     (1.66342,0.692845,3.34442)     (1.67494,0.648074,3.35796)     (1.75279,0.90148,3.27239)     (1.81768,0.923223,3.22855)     (1.75199,0.771737,3.23122)     (1.7292,0.722196,3.2511)     (1.73731,0.746187,3.40711)     (1.45472,0.73675,3.10009)     (1.64526,0.666922,3.28569)     (1.65822,0.600745,3.33438)     (1.7674,0.718071,3.36647)     (1.86739,0.405403,3.38196)     (1.94033,0.160127,3.39162)     (1.89548,0.10944,3.36445)     
End frame 109;
At time 1414703722 Begin frame 110: (1.75042,0.755668,3.37972)     (1.74592,0.789142,3.37488)     (1.71675,0.978123,3.37324)     (1.76782,1.04817,3.27881)     (1.66712,1.028,3.40569)     (1.65376,0.853967,3.38838)     (1.67098,0.675411,3.34167)     (1.68229,0.630792,3.35536)     (1.7391,0.965884,3.30569)     (1.80224,0.896182,3.24166)     (1.76504,0.749078,3.26256)     (1.74538,0.704313,3.2785)     (1.73878,0.737083,3.40626)     (1.46038,0.710287,3.09639)     (1.65028,0.639917,3.28227)     (1.666,0.576659,3.33231)     (1.76568,0.713887,3.37393)     (1.85882,0.393458,3.3591)     (1.92029,0.155555,3.31672)     (1.87575,0.116021,3.27447)     
End frame 110;
At time 1414703722 Begin frame 111: (1.74503,0.807563,3.37238)     (1.74105,0.849577,3.36781)     (1.72065,1.06273,3.36089)     (1.73575,1.19194,3.27375)     (1.66302,1.08814,3.40932)     (1.6716,0.899836,3.37179)     (1.68577,0.702035,3.32979)     (1.69671,0.65726,3.34398)     (1.7415,1.01883,3.29433)     (1.79594,0.885426,3.24978)     (1.7838,0.73834,3.27423)     (1.76777,0.694484,3.28788)     (1.73437,0.775392,3.38994)     (1.46493,0.711235,3.08729)     (1.65436,0.64069,3.27323)     (1.67257,0.579302,3.32344)     (1.76037,0.783133,3.3626)     (1.89412,0.454129,3.32002)     (1.98835,0.238635,3.26085)     (1.9492,0.197289,3.2203)     
End frame 111;
At time 1414703722 Begin frame 112: (1.74542,0.848536,3.36366)     (1.74234,0.893721,3.35618)     (1.72438,1.12835,3.3261)     (1.70872,1.24365,3.25627)     (1.66354,1.16499,3.38004)     (1.68538,0.97208,3.33113)     (1.69896,0.77154,3.29218)     (1.70969,0.726829,3.3068)     (1.74166,1.05701,3.28704)     (1.79291,0.879866,3.25401)     (1.79074,0.733858,3.27825)     (1.78487,0.687876,3.2902)     (1.73353,0.816396,3.37506)     (1.4697,0.767292,3.06622)     (1.65844,0.696596,3.25161)     (1.68024,0.637191,3.30272)     (1.76085,0.821624,3.35805)     (1.94559,0.536799,3.25647)     (2.07119,0.342319,3.16699)     (2.038,0.303041,3.11894)     
End frame 112;
