At time 1414671132
Begin frame 0:
(0.0679655,0.159006,2.00401)(0.0696808,0.194115,1.99646)(0.0782571,0.36966,1.96805)(0.0309197,0.538313,1.91068)(-0.0821164,0.275237,2.00296)(-0.118496,0.115756,2.10859)(0.00572111,0.134401,1.88007)(0.107737,0.166994,1.6495)(0.233714,0.287322,1.93675)(0.262921,0.0695231,1.8288)(0.189569,-0.0500137,1.69624)(0.165118,-0.0898593,1.65462)(-0.00654539,0.085689,2.01885)(-0.27479,0.232862,2.18099)(-0.0730234,0.0870726,1.90612)(-0.0897198,0.048081,1.8261)(0.135578,0.0911271,2.00814)(0.0728863,-0.0117966,1.67194)(0.192364,0.110119,1.45295)(0.183482,0.0305469,1.51957)End frame 0;
At time 1414671132
Begin frame 1:
(0.0700993,0.159593,2.00665)(0.0720046,0.194523,1.99917)(0.081776,0.369036,1.97124)(0.039119,0.539352,1.91543)(-0.0778153,0.275121,2.00685)(-0.0636068,0.129921,1.98696)(0.0635246,0.144243,1.78387)(0.144181,0.158291,1.62036)(0.237081,0.286209,1.94154)(0.296757,0.0938967,1.86066)(0.175495,-0.0238478,1.73403)(0.135075,-0.0630959,1.69437)(-0.00413366,0.0867316,2.0232)(-0.27503,0.229968,2.182)(-0.0794236,0.091593,1.90045)(-0.096309,0.0520389,1.81887)(0.13677,0.0915016,2.00937)(0.124116,-0.0250432,1.67574)(0.230766,0.0948618,1.45015)(0.223746,0.0420759,1.40359)End frame 1;
At time 1414671132
Begin frame 2:
(0.0801516,0.15587,2.01779)(0.0815884,0.191341,2.00986)(0.0895,0.36793,1.98013)(0.05673,0.540274,1.93036)(-0.0721428,0.274784,2.01247)(-0.0218958,0.132534,1.95087)(0.107314,0.117574,1.76441)(0.211485,0.128041,1.60029)(0.242053,0.28406,1.94798)(0.33132,0.117403,1.89552)(0.22636,0.0281711,1.7643)(0.192316,0.0577844,1.64832)(0.00747882,0.083482,2.03689)(-0.27425,0.228762,2.18213)(-0.0811733,0.092591,1.89753)(-0.0983342,0.0526134,1.81471)(0.145791,0.0876532,2.01802)(-0.1375,0.145413,2.10878)(0.0714792,0.121685,1.80552)(0.11029,0.0460464,1.74174)End frame 2;
At time 1414671132
Begin frame 3:
(0.0926732,0.155535,2.03559)(0.0941423,0.190775,2.02769)(0.102507,0.366277,1.99871)(0.0751019,0.540836,1.94806)(-0.0615708,0.272837,2.02363)(0.0062957,0.132953,1.93256)(0.145025,0.0933425,1.76223)(0.284478,0.0953254,1.58463)(0.253721,0.280389,1.96274)(0.317779,0.106677,1.90892)(0.261212,0.0570161,1.76145)(0.263711,0.0980185,1.66254)(0.018894,0.083279,2.05326)(-0.266416,0.219487,2.19821)(-0.0803123,0.0899246,1.90386)(-0.0972457,0.04969,1.82076)(0.159781,0.0874709,2.03798)(-0.150064,0.172389,2.1453)(0.0684102,0.125717,1.84785)(0.109671,0.0530868,1.75534)End frame 3;
At time 1414671132
Begin frame 4:
(0.136219,0.170215,2.01517)(0.137545,0.198474,2.0344)(0.11922,0.364979,2.02518)(0.0948886,0.54008,1.97535)(-0.0476232,0.268876,2.03951)(0.0197828,0.118543,1.96908)(0.155175,0.0812026,1.78654)(0.340229,0.077177,1.56535)(0.268728,0.274861,1.98183)(0.256951,0.092923,1.90802)(0.304608,0.0803199,1.71992)(0.328607,0.118474,1.62362)(0.0717942,0.101238,2.00943)(-0.187041,0.162236,2.20768)(-0.0130106,0.040984,1.90754)(-0.0301646,0.0100045,1.82119)(0.212909,0.104193,1.99691)(-0.182933,0.202854,2.19604)(0.0482038,0.132624,1.90842)(0.097135,0.0553516,1.81411)End frame 4;
At time 1414671132
Begin frame 5:
(0.153743,0.176721,2.01019)(0.155024,0.201023,2.04097)(0.13341,0.363016,2.05138)(0.114161,0.536505,2.00666)(-0.0349293,0.264297,2.05619)(0.0334143,0.109852,1.98337)(0.169396,0.0921848,1.80832)(0.371894,0.0661203,1.55829)(0.28142,0.269182,1.99895)(0.233145,0.079741,1.91188)(0.328381,0.0895691,1.69352)(0.365481,0.107105,1.58933)(0.0923783,0.109295,1.9964)(-0.148225,0.133626,2.22111)(0.0203117,0.0165004,1.91413)(0.000963902,-0.00810118,1.82569)(0.235227,0.112011,1.98235)(-0.187418,0.218954,2.22048)(0.046228,0.142066,1.93306)(0.0956609,0.065781,1.83872)End frame 5;
At time 1414671132
Begin frame 6:
(0.161909,0.178147,2.01139)(0.164401,0.20015,2.05076)(0.141055,0.360983,2.06993)(0.133156,0.533381,2.04144)(-0.0247026,0.260301,2.0735)(0.0308872,0.099639,2.01443)(0.169432,0.100243,1.83157)(0.389363,0.0597912,1.5538)(0.290651,0.263867,2.01331)(0.239849,0.064131,1.92458)(0.344932,0.0924671,1.68743)(0.391545,0.0986023,1.56569)(0.101282,0.111618,1.99267)(-0.133185,0.122496,2.2316)(0.0344059,0.00601072,1.92049)(0.0147452,-0.0162614,1.8312)(0.244189,0.113109,1.98012)(0.0830793,-0.0174437,1.73406)(0.297654,-0.054979,1.47626)(0.285183,-0.0836824,1.3925)End frame 6;
At time 1414671132
Begin frame 7:
(0.140443,0.202993,2.07376)(0.15215,0.222058,2.10622)(0.148302,0.357383,2.09432)(0.144675,0.53062,2.06457)(-0.0168834,0.256843,2.0899)(0.0287961,0.094904,2.02919)(0.169326,0.104005,1.8441)(0.401809,0.0556228,1.55085)(0.296493,0.258377,2.02508)(0.243074,0.0563877,1.93085)(0.376334,0.094257,1.753)(0.408313,0.0930779,1.55161)(0.0573302,0.139025,2.07579)(-0.186973,0.091457,2.27396)(-0.0332907,-0.0156015,2.02642)(-0.00836555,-0.0217814,1.9283)(0.19764,0.136509,2.06238)(0.121585,0.00641509,1.79167)(0.354464,-0.0607709,1.49612)(0.307429,-0.0663367,1.50502)End frame 7;
At time 1414671132
Begin frame 8:
(0.129941,0.21663,2.10974)(0.141545,0.234384,2.1418)(0.155542,0.353011,2.11646)(0.159402,0.522563,2.09465)(-0.00921826,0.253269,2.10359)(0.0276695,0.0923276,2.03589)(0.162784,0.0953745,1.84852)(0.408707,0.0539208,1.54943)(0.300993,0.251598,2.03739)(0.240574,0.0531902,1.93441)(0.398395,0.118294,1.82427)(0.415521,0.0854119,1.54187)(0.0476455,0.151519,2.1057)(-0.211796,0.066919,2.29849)(0.0489444,0.00925483,1.94204)(0.0580823,-0.00201267,1.82824)(0.186351,0.147051,2.09144)(0.244595,-0.0611117,1.73196)(0.229449,0.174625,1.76202)(0.193752,0.0992498,1.75668)End frame 8;
At time 1414671132
Begin frame 9:
(0.12438,0.212323,2.1387)(0.138644,0.23212,2.16408)(0.164829,0.346538,2.1385)(0.16809,0.516777,2.1138)(-0.00137111,0.24836,2.1161)(0.0252859,0.0908905,2.03884)(0.158837,0.0891039,1.85011)(0.410312,0.0545349,1.54919)(0.303493,0.243547,2.04937)(0.266553,0.0916151,1.91701)(0.366264,0.0983371,1.71389)(0.415049,0.0775526,1.53802)(0.0275312,0.151414,2.14974)(-0.241749,0.0492879,2.30821)(0.082483,0.0184735,1.91113)(0.103584,0.0083922,1.81307)(0.179855,0.140703,2.11789)(0.201731,-0.033608,1.76112)(0.18999,0.215447,1.7506)(0.172537,0.158061,1.70101)End frame 9;
At time 1414671132
Begin frame 10:
(0.151705,0.226379,2.14067)(0.155803,0.239722,2.16907)(0.171826,0.345967,2.15287)(0.174706,0.514196,2.12687)(0.00388143,0.247149,2.12411)(0.081781,0.15666,1.99234)(0.198959,0.107522,1.80605)(0.407538,0.0570135,1.5502)(0.308794,0.257489,2.09922)(0.313929,0.169483,1.91498)(0.372403,0.11199,1.72837)(0.4109,0.0717563,1.53899)(0.079517,0.164331,2.11215)(0.100268,0.0652176,1.98433)(0.142592,-0.00308292,1.81162)(0.164253,-0.00265044,1.70953)(0.212566,0.164048,2.11671)(0.169184,-0.0454387,1.75578)(0.152531,0.123678,1.96284)(0.151086,0.0931065,1.86485)End frame 10;
At time 1414671132
Begin frame 11:
(0.165978,0.232213,2.14306)(0.169094,0.24233,2.17215)(0.188827,0.348083,2.17392)(0.178659,0.510772,2.13768)(0.0161061,0.247386,2.13834)(-0.057934,0.157516,2.13334)(-0.052609,0.114739,1.93845)(0.0144157,0.106925,1.89308)(0.310619,0.261467,2.12326)(0.351033,0.203968,1.93098)(0.368536,0.119343,1.75305)(0.405805,0.068622,1.5424)(0.0943299,0.172675,2.1133)(0.136444,0.0179436,1.90872)(0.170764,-0.0197421,1.75221)(0.189656,-0.0130405,1.64871)(0.224918,0.174595,2.12528)(0.164696,-0.046874,1.75453)(0.0608382,0.0911562,2.04293)(0.0691779,0.0469063,1.93163)End frame 11;
At time 1414671132
Begin frame 12:
(0.191062,0.246809,2.16224)(0.193283,0.252344,2.1906)(0.201353,0.349134,2.19311)(0.181371,0.505484,2.14946)(0.0279193,0.247615,2.15522)(-0.103667,0.160876,2.18698)(-0.0834323,0.120552,1.95749)(-0.0240798,0.112801,1.93582)(0.311354,0.260928,2.13747)(0.363822,0.212768,1.93859)(0.367025,0.122151,1.76723)(0.400615,0.0684034,1.54767)(0.127138,0.196674,2.12146)(0.204296,-0.0119301,1.83866)(0.170184,-0.0969914,1.63141)(0.198494,-0.0484762,1.54138)(0.245015,0.188102,2.14259)(0.158218,-0.0484205,1.75321)(0.00804192,0.0360111,2.10389)(0.0448502,0.0236715,1.96727)End frame 12;
At time 1414671132
Begin frame 13:
(0.20003,0.241607,2.16856)(0.202585,0.248514,2.19817)(0.207735,0.347682,2.20698)(0.182643,0.495541,2.1642)(0.0358182,0.246106,2.17035)(-0.14137,0.15111,2.23154)(-0.123394,0.123379,1.9959)(-0.0440335,0.11854,1.97205)(0.310758,0.256586,2.1489)(0.373671,0.18485,1.96329)(0.371684,0.107503,1.79635)(0.395022,0.0748184,1.56477)(0.138364,0.199043,2.12423)(0.207974,-0.0185062,1.82807)(0.164575,-0.130721,1.57654)(0.185794,-0.0650731,1.49761)(0.252927,0.17931,2.14681)(0.144653,-0.0529294,1.75151)(0.165833,-0.0156776,1.48124)(0.152299,-0.0346287,1.3973)End frame 13;
At time 1414671132
Begin frame 14:
(0.202753,0.240892,2.17903)(0.206766,0.246589,2.20761)(0.211306,0.344777,2.21799)(0.186875,0.485158,2.18899)(0.0411319,0.243454,2.1833)(-0.158562,0.145475,2.25372)(-0.122731,0.122388,2.00613)(-0.0430821,0.118165,1.98259)(0.309306,0.250253,2.15803)(0.37768,0.169097,1.97953)(0.379781,0.110362,1.78026)(0.39404,0.0813872,1.57732)(0.134858,0.200543,2.14409)(0.193462,-0.00649923,1.86133)(0.0642119,-0.0964861,1.61517)(0.120618,-0.0572411,1.5273)(0.254973,0.179356,2.15821)(0.134099,-0.0504571,1.76162)(0.155717,-0.0304671,1.47373)(0.114548,-0.0781233,1.47546)End frame 14;
At time 1414671132
Begin frame 15:
(0.203572,0.237858,2.18682)(0.208384,0.242844,2.21528)(0.210339,0.34044,2.22689)(0.188839,0.478547,2.20283)(0.0428796,0.240314,2.19359)(-0.168784,0.138272,2.26711)(-0.125093,0.12072,2.01666)(-0.0454326,0.117443,1.99196)(0.306734,0.237708,2.16343)(0.378137,0.158065,1.98673)(0.391554,0.0941823,1.78224)(0.396074,0.0878435,1.5878)(0.137454,0.19427,2.15333)(0.164462,-0.0146913,1.85562)(0.116748,-0.0719392,1.51886)(0.14999,-0.0321047,1.45524)(0.259055,0.171288,2.1715)(0.16159,-0.028809,1.81271)(0.181329,0.0284034,1.44903)(0.151839,-0.0565852,1.43647)End frame 15;
At time 1414671132
Begin frame 16:
(0.189467,0.223423,2.19673)(0.197638,0.226436,2.22614)(0.19989,0.325665,2.24189)(0.189482,0.471052,2.21487)(0.0652581,0.240627,2.23417)(-0.148343,0.130948,2.28514)(-0.108782,0.124675,2.04839)(-0.0531121,0.160657,1.80364)(0.304314,0.225373,2.16724)(0.360698,0.144832,1.99716)(0.391713,0.100427,1.77754)(0.400058,0.0938813,1.59615)(0.126877,0.187039,2.16204)(0.162867,-0.0143541,1.86328)(0.134556,-0.0513588,1.50477)(0.162692,-0.0120936,1.43345)(0.238004,0.15195,2.1836)(0.157745,-0.0227108,1.83308)(0.184694,0.0168984,1.45002)(0.154149,-0.0708538,1.43539)End frame 16;
At time 1414671132
Begin frame 17:
(0.181467,0.220273,2.21343)(0.19186,0.22227,2.241)(0.194589,0.318012,2.2496)(0.189711,0.465019,2.22433)(0.0722583,0.240526,2.24703)(-0.0142136,0.192207,2.10788)(-0.0460944,0.151479,1.86749)(-0.0668666,0.171572,1.79232)(0.301733,0.213072,2.16957)(0.35183,0.138743,2.00311)(0.392099,0.1062,1.77611)(0.409299,0.100613,1.60321)(0.115076,0.189121,2.18447)(0.140708,0.00304181,1.90582)(0.148268,-0.0229649,1.53418)(0.174908,0.016986,1.44753)(0.231284,0.153539,2.21397)(0.421803,0.16194,1.97767)(0.469397,0.129829,1.60629)(0.385415,0.084154,1.57194)End frame 17;
At time 1414671132
Begin frame 18:
(0.175589,0.216367,2.22218)(0.187204,0.217755,2.2497)(0.191466,0.311369,2.25551)(0.190183,0.4593,2.23565)(0.0775363,0.240209,2.25673)(0.0284958,0.21376,2.06017)(-0.0354167,0.163915,1.84691)(-0.0525546,0.188573,1.7285)(0.299004,0.202506,2.17158)(0.347889,0.135994,2.00695)(0.398438,0.11151,1.7798)(0.423997,0.108571,1.61305)(0.108061,0.188602,2.19419)(0.131242,0.0125883,1.93)(0.159713,-0.00945199,1.54627)(0.181131,0.0310742,1.45961)(0.223549,0.149891,2.22354)(0.473955,0.212121,2.04181)(0.389407,0.118757,1.68361)(0.329701,0.0660433,1.62126)End frame 18;
At time 1414671132
Begin frame 19:
(0.173846,0.213895,2.23463)(0.185325,0.213502,2.26313)(0.188555,0.29902,2.26637)(0.18875,0.454349,2.24405)(0.0813583,0.239522,2.2633)(0.0546317,0.22978,2.02737)(-0.0264333,0.180752,1.81484)(-0.0546913,0.205587,1.71442)(0.296963,0.194995,2.17462)(0.34619,0.135434,2.00981)(0.407351,0.117928,1.78611)(0.448602,0.119676,1.62926)(0.105735,0.187807,2.20289)(0.124235,0.0174304,1.94131)(0.158926,-0.000613525,1.56971)(0.182122,0.0373737,1.47733)(0.225934,0.152235,2.2391)(0.507615,0.238643,2.06091)(0.390872,0.126203,1.69647)(0.33049,0.0762131,1.63874)End frame 19;
At time 1414671132
Begin frame 20:
(0.175118,0.213035,2.24758)(0.185825,0.21145,2.27644)(0.186874,0.290817,2.2747)(0.187655,0.448819,2.2516)(0.0846064,0.238426,2.26825)(0.0673877,0.23993,2.01129)(-0.0496903,0.208382,1.8289)(-0.0800813,0.235664,1.73451)(0.293789,0.188326,2.1797)(0.345541,0.136988,2.01272)(0.416743,0.131814,1.79224)(0.466136,0.129847,1.63994)(0.107178,0.187922,2.21254)(0.124176,0.0237694,1.95403)(0.158337,0.00576777,1.59631)(0.180692,0.0378076,1.50029)(0.231833,0.155363,2.25326)(0.481266,0.223147,2.04218)(0.385309,0.133123,1.72607)(0.326095,0.084482,1.66496)End frame 20;
At time 1414671132
Begin frame 21:
(0.175793,0.212088,2.25468)(0.186011,0.209941,2.2838)(0.185566,0.28601,2.27967)(0.18724,0.443523,2.25774)(0.0870944,0.237121,2.2722)(0.0656969,0.250666,2.01425)(-0.0597213,0.248446,1.83099)(-0.0896822,0.26862,1.74978)(0.29067,0.183466,2.1857)(0.35205,0.150975,2.0224)(0.427951,0.153372,1.80523)(0.491255,0.156955,1.66181)(0.109139,0.187404,2.21931)(0.123654,0.0270906,1.96111)(0.157869,0.00840362,1.61129)(0.155209,0.00943728,1.52565)(0.234216,0.156055,2.25985)(0.48427,0.228571,2.04894)(0.378255,0.136857,1.74813)(0.347353,0.109081,1.67421)End frame 21;
At time 1414671133
Begin frame 22:
(0.177017,0.213274,2.26353)(0.186782,0.210893,2.2916)(0.184689,0.282733,2.28293)(0.18866,0.436081,2.26496)(0.0888284,0.236476,2.27691)(0.0507632,0.265691,2.04028)(-0.0751138,0.291483,1.85877)(-0.102052,0.310103,1.78186)(0.288752,0.18034,2.19212)(0.355642,0.162089,2.02281)(0.447693,0.180677,1.80944)(0.510424,0.187968,1.69021)(0.111813,0.188033,2.2298)(0.130379,0.0338435,1.97151)(0.16993,0.0189778,1.63393)(0.14954,-0.000546118,1.5533)(0.236725,0.157691,2.26926)(0.476213,0.226772,2.06232)(0.376839,0.140783,1.76681)(0.352499,0.11853,1.68914)End frame 22;
At time 1414671133
Begin frame 23:
(0.177576,0.213365,2.26919)(0.187177,0.211406,2.29659)(0.18409,0.280534,2.28512)(0.189597,0.431387,2.26906)(0.0903965,0.235565,2.28094)(0.000470861,0.228513,2.0721)(-0.0999822,0.325201,1.89406)(-0.133341,0.33496,1.83247)(0.287754,0.178282,2.19759)(0.375954,0.170771,2.01153)(0.470047,0.202595,1.80355)(0.525722,0.229541,1.72297)(0.113563,0.187274,2.23703)(0.00279927,0.0313998,2.03797)(0.0779603,0.014187,1.71561)(0.045709,-0.0180732,1.63911)(0.237429,0.157556,2.27627)(0.462817,0.223179,2.06865)(0.368638,0.141796,1.7792)(0.352145,0.124892,1.6972)End frame 23;
At time 1414671133
Begin frame 24:
(0.177927,0.213309,2.27322)(0.187437,0.211604,2.30005)(0.183781,0.278846,2.28687)(0.190171,0.427636,2.27203)(0.0901297,0.234542,2.28762)(-0.0273366,0.191697,2.10145)(-0.115233,0.326779,1.93561)(-0.160931,0.390922,1.86043)(0.286384,0.17651,2.20313)(0.385144,0.173591,2.00941)(0.483738,0.228228,1.80827)(0.526968,0.272715,1.74656)(0.114545,0.186735,2.24155)(-0.0775688,0.0283736,2.07725)(0.0227218,-0.0106292,1.76846)(0.0531439,-0.0618552,1.7336)(0.237197,0.156926,2.28144)(0.451125,0.217248,2.06893)(0.36674,0.144118,1.77485)(0.339111,0.119713,1.69348)End frame 24;
At time 1414671133
Begin frame 25:
(0.178675,0.215149,2.27915)(0.188075,0.214449,2.30451)(0.183517,0.277619,2.28814)(0.190508,0.424889,2.27408)(0.0896115,0.233796,2.29187)(-0.0423997,0.197509,2.11177)(-0.123819,0.338338,1.94607)(-0.174614,0.430504,1.87661)(0.285454,0.17524,2.20691)(0.390352,0.176154,2.00847)(0.485551,0.267846,1.82075)(0.51274,0.316936,1.77428)(0.115618,0.186591,2.24557)(-0.102881,0.0286943,2.09133)(0.0060918,-0.0474824,1.80023)(0.100697,-0.0984517,1.76998)(0.239667,0.159187,2.30334)(0.430763,0.207008,2.06925)(0.36045,0.143079,1.77355)(0.334766,0.120134,1.69292)End frame 25;
At time 1414671133
Begin frame 26:
(0.179148,0.215895,2.28256)(0.188335,0.215429,2.30694)(0.184172,0.276829,2.29004)(0.190812,0.422695,2.27596)(0.089673,0.233369,2.29458)(-0.0495259,0.194061,2.11785)(-0.12565,0.348268,1.96056)(-0.180745,0.458777,1.88658)(0.284725,0.17437,2.21013)(0.394269,0.178262,2.00871)(0.477718,0.296894,1.8339)(0.492365,0.36137,1.78916)(0.116177,0.186449,2.24778)(-0.121236,0.0300321,2.10151)(-0.00645855,-0.062213,1.81821)(0.086233,-0.111845,1.8082)(0.239298,0.158933,2.30887)(0.204183,0.0866972,2.0263)(0.269325,0.0791529,1.72903)(0.224847,0.0423911,1.63798)End frame 26;
At time 1414671133
Begin frame 27:
(0.179567,0.216308,2.28472)(0.18856,0.215985,2.30853)(0.185275,0.276375,2.29199)(0.190977,0.420996,2.27749)(0.0894549,0.232904,2.29691)(-0.0503738,0.205891,2.11989)(-0.114912,0.382487,1.97123)(-0.178783,0.477324,1.89348)(0.284418,0.173509,2.21201)(0.397169,0.180511,2.00901)(0.46215,0.32535,1.84712)(0.468228,0.40086,1.80031)(0.116983,0.186202,2.24858)(-0.135389,0.0340196,2.11143)(-0.015401,-0.0708584,1.83435)(0.0862235,-0.118164,1.82518)(0.239002,0.15825,2.31133)(0.145025,0.0573099,2.01762)(0.206548,0.0318282,1.69934)(0.17759,-0.0271046,1.70145)End frame 27;
At time 1414671133
Begin frame 28:
(0.179881,0.216578,2.28623)(0.188646,0.216324,2.30969)(0.186187,0.27592,2.29382)(0.191117,0.419568,2.27892)(0.0806538,0.210012,2.27823)(-0.0527094,0.195057,2.09731)(-0.110611,0.380536,1.96809)(-0.165621,0.493248,1.89404)(0.284167,0.172813,2.21332)(0.396192,0.190969,2.01025)(0.435922,0.357985,1.85794)(0.454937,0.419636,1.80672)(0.118011,0.185701,2.24807)(-0.141216,0.0377459,2.11621)(-0.011699,-0.0632436,1.83973)(0.0988062,-0.0853972,1.80605)(0.238439,0.157336,2.31117)(0.128554,0.0492571,2.01321)(0.186722,0.0176821,1.69052)(0.17922,-0.00840193,1.64182)End frame 28;
At time 1414671133
Begin frame 29:
(0.18011,0.216762,2.28731)(0.188719,0.216508,2.31048)(0.186605,0.275082,2.29588)(0.191352,0.418157,2.28051)(0.0783341,0.207108,2.27794)(-0.0511905,0.193262,2.09486)(-0.0889616,0.27708,1.95543)(-0.0830658,0.34034,1.91958)(0.284132,0.171735,2.21394)(0.395602,0.197062,2.01077)(0.420586,0.372479,1.86307)(0.427907,0.43447,1.81277)(0.118841,0.185282,2.24679)(-0.143446,0.0420765,2.11984)(-0.0121069,-0.0643049,1.84624)(0.0988005,-0.091613,1.82161)(0.237768,0.156093,2.30891)(0.12932,0.04955,2.01162)(0.174092,0.00855458,1.6847)(0.170763,-0.00962037,1.62824)End frame 29;
At time 1414671133
Begin frame 30:
(0.18031,0.216906,2.28805)(0.188802,0.216602,2.31098)(0.186825,0.274592,2.29765)(0.191261,0.416677,2.28198)(0.0768424,0.206564,2.27847)(-0.0467687,0.176446,2.10108)(-0.0744764,0.241049,1.96726)(-0.0310342,0.397507,1.91081)(0.28512,0.158937,2.20221)(0.395682,0.201029,2.00832)(0.39475,0.380682,1.86137)(0.373746,0.444363,1.81312)(0.119432,0.18531,2.24536)(-0.144739,0.0494256,2.12411)(-0.0138119,-0.0662439,1.85308)(0.096819,-0.0898046,1.826)(0.23703,0.154479,2.30505)(0.128456,0.0490242,2.00841)(0.170792,0.00555072,1.68167)(0.16626,-0.00824116,1.61532)End frame 30;
At time 1414671133
Begin frame 31:
(0.180462,0.217035,2.28856)(0.188829,0.216702,2.31138)(0.186494,0.274603,2.29942)(0.19164,0.415742,2.28311)(0.0753393,0.208814,2.28035)(-0.0440886,0.168822,2.10433)(-0.0626084,0.213713,1.968)(0.0397685,0.404337,1.89371)(0.285475,0.154881,2.19902)(0.38442,0.203077,1.99981)(0.356783,0.377775,1.85338)(0.34129,0.439291,1.81288)(0.119945,0.185349,2.24449)(-0.145776,0.0628702,2.13068)(-0.0175139,-0.0654624,1.86115)(0.0863667,-0.0846687,1.83184)(0.236576,0.153524,2.3016)(0.137675,0.0475817,2.0064)(0.178031,0.00778802,1.68124)(0.176607,-7.40229e-005,1.60726)End frame 31;
At time 1414671133
Begin frame 32:
(0.176571,0.221827,2.28582)(0.166035,0.243111,2.30519)(0.142265,0.350841,2.29375)(0.218325,0.449653,2.28416)(0.0378636,0.291438,2.27832)(-0.0440981,0.18173,2.10974)(-0.0509099,0.199931,1.96419)(0.0784331,0.406682,1.87778)(0.241535,0.31534,2.28064)(0.33662,0.250697,2.06207)(0.312234,0.363756,1.88124)(0.302924,0.413867,1.80817)(0.120535,0.185102,2.24553)(-0.142269,0.103118,2.14012)(-0.0206519,-0.0427137,1.86898)(0.0737088,-0.0679806,1.83548)(0.226075,0.185373,2.27732)(0.129253,0.0433215,2.00355)(0.181782,0.00134205,1.68225)(0.199444,-0.0173825,1.60699)End frame 32;
At time 1414671133
Begin frame 33:
(0.174299,0.228261,2.28582)(0.159103,0.256673,2.30391)(0.133164,0.363767,2.28641)(0.256038,0.438115,2.29125)(0.0283882,0.3124,2.27429)(-0.0422133,0.184117,2.1072)(-0.0357791,0.181554,1.94658)(0.123056,0.383192,1.85)(0.215494,0.368389,2.27662)(0.303143,0.275882,2.08662)(0.277679,0.336549,1.88408)(0.266287,0.372614,1.80201)(0.130632,0.190899,2.28152)(-0.0527567,0.0981746,2.10224)(0.04533,-0.0363561,1.84093)(0.127893,-0.0765559,1.8)(0.230312,0.215415,2.27929)(0.158874,0.0457116,1.99449)(0.178599,-0.0717039,1.73687)(0.213103,-0.0272094,1.68132)End frame 33;
At time 1414671133
Begin frame 34:
(0.193059,0.238711,2.308)(0.183345,0.259355,2.32494)(0.185738,0.311743,2.3044)(0.2992,0.409544,2.30233)(0.0656578,0.287122,2.28816)(0.0500007,0.238729,2.0863)(-0.0282092,0.166635,1.94479)(-0.0420528,0.16647,1.90437)(0.233085,0.375528,2.29883)(0.299065,0.27255,2.10126)(0.259168,0.297925,1.89076)(0.238002,0.331505,1.78916)(0.138985,0.191258,2.30375)(-0.0175296,0.0908822,2.09953)(0.0854177,-0.0373794,1.83356)(0.124053,-0.074615,1.78443)(0.240786,0.229058,2.29764)(0.171321,0.046804,1.99077)(0.183431,-0.0692896,1.76593)(0.22479,-0.0210569,1.70977)End frame 34;
At time 1414671133
Begin frame 35:
(0.198247,0.240675,2.31217)(0.19307,0.259217,2.32937)(0.194499,0.320861,2.30053)(0.324911,0.401337,2.30597)(0.0789485,0.28585,2.28948)(0.0890859,0.263296,2.06842)(-0.0235569,0.154367,1.94341)(-0.0367874,0.113131,1.90254)(0.238082,0.392658,2.30583)(0.286404,0.283588,2.10484)(0.240902,0.273944,1.88106)(0.215852,0.286302,1.76768)(0.143185,0.18746,2.30767)(-0.0218061,0.0747579,2.10198)(0.0953622,-0.0385582,1.83216)(0.130169,-0.0755455,1.78005)(0.2476,0.230132,2.30662)(0.180105,0.0528565,1.99813)(0.186047,-0.0612146,1.78856)(0.228759,-0.0202865,1.72141)End frame 35;
At time 1414671133
Begin frame 36:
(0.200317,0.242505,2.31443)(0.195958,0.260863,2.33079)(0.201304,0.322178,2.29974)(0.336791,0.398214,2.30841)(0.0848805,0.288054,2.28952)(0.11349,0.276198,2.05831)(-0.0212289,0.13513,1.94542)(-0.0785136,0.0485663,1.92105)(0.24345,0.400895,2.30771)(0.279884,0.288924,2.10388)(0.234458,0.251496,1.87577)(0.205542,0.234634,1.74731)(0.142415,0.184353,2.30457)(-0.0239111,0.0612183,2.09958)(0.0972365,-0.0439591,1.83179)(0.133518,-0.0759284,1.77664)(0.248892,0.228894,2.31489)(0.191501,0.0634608,2.01694)(0.187165,-0.0541336,1.79493)(0.203747,-0.0706535,1.749)End frame 36;
At time 1414671133
Begin frame 37:
(0.20191,0.243752,2.31518)(0.198294,0.261578,2.32991)(0.204721,0.323476,2.29838)(0.236961,0.45535,2.29472)(0.0885186,0.289448,2.28923)(0.102109,0.26171,2.05679)(-0.0243208,0.117736,1.93948)(-0.0857221,0.041804,1.90555)(0.248777,0.401415,2.30499)(0.273256,0.29084,2.09846)(0.227945,0.241951,1.87436)(0.207963,0.192132,1.72511)(0.151973,0.176921,2.29491)(-0.0222216,0.0566822,2.09947)(0.0992261,-0.0471822,1.83288)(0.113313,-0.0815433,1.77096)(0.256028,0.226748,2.32311)(0.19502,0.0686878,2.02601)(0.184655,-0.0491039,1.79461)(0.186367,-0.101385,1.75853)End frame 37;
At time 1414671133
Begin frame 38:
(0.201982,0.24438,2.31399)(0.198753,0.261248,2.32653)(0.202675,0.323232,2.29566)(0.215536,0.462524,2.29182)(0.0900317,0.289477,2.28824)(0.103543,0.255561,2.05297)(-0.00865653,0.114808,1.90919)(0.0469613,0.165594,1.76416)(0.250844,0.392618,2.29864)(0.270667,0.285441,2.09262)(0.243425,0.218211,1.87257)(0.237033,0.154479,1.69958)(0.153098,0.174015,2.28726)(-0.0205517,0.049989,2.09749)(0.100526,-0.0552025,1.83171)(0.102919,-0.0908598,1.76379)(0.259273,0.224972,2.32739)(0.186036,0.0741152,2.03627)(0.170936,-0.0405216,1.78916)(0.178013,-0.114276,1.75533)End frame 38;
At time 1414671133
Begin frame 39:
(0.199739,0.243025,2.30993)(0.196496,0.257643,2.31985)(0.192663,0.315746,2.29256)(0.189712,0.463508,2.28775)(0.0875902,0.284577,2.28607)(0.0677055,0.22393,2.06016)(0.0194165,0.144492,1.87105)(0.0318318,0.138802,1.73819)(0.248721,0.372941,2.29118)(0.267198,0.285739,2.09249)(0.27256,0.200007,1.88942)(0.286946,0.175483,1.80233)(0.152496,0.171967,2.28093)(-0.0201138,0.0443794,2.09586)(0.0998161,-0.0625675,1.83119)(0.0949842,-0.097117,1.75955)(0.260184,0.219519,2.32577)(0.186919,0.0753155,2.03537)(0.1703,-0.0360455,1.7696)(0.168582,-0.114749,1.71798)End frame 39;
At time 1414671133
Begin frame 40:
(0.196775,0.240909,2.3048)(0.194383,0.253751,2.31334)(0.186319,0.309432,2.29074)(0.177118,0.461405,2.2851)(0.0867828,0.267479,2.29041)(0.0331909,0.196956,2.08294)(0.0196974,0.151654,1.86594)(0.0305382,0.161681,1.67996)(0.247429,0.356865,2.28587)(0.270247,0.272321,2.09089)(0.286688,0.190125,1.89122)(0.316428,0.147003,1.68796)(0.151527,0.170958,2.27653)(-0.0536542,0.0680812,2.10348)(0.072969,-0.0483517,1.84)(0.0530742,-0.0754043,1.76679)(0.251969,0.21014,2.30594)(0.187655,0.0751633,2.03233)(0.273602,0.0965311,1.73997)(0.237239,0.0170043,1.71158)End frame 40;
At time 1414671133
Begin frame 41:
(0.192623,0.235394,2.29515)(0.191401,0.246611,2.30438)(0.183712,0.30481,2.28955)(0.170908,0.457028,2.2819)(0.0939931,0.274235,2.28377)(0.0372334,0.191591,2.12719)(0.0111328,0.169,1.91286)(-0.0117012,0.157906,1.67102)(0.247956,0.34471,2.28212)(0.273916,0.260622,2.08944)(0.315716,0.182604,1.89419)(0.362282,0.166118,1.79304)(0.149527,0.171353,2.27224)(-0.072599,0.0816609,2.10773)(0.0563579,-0.0393709,1.84566)(0.0363123,-0.0638579,1.77011)(0.239626,0.195265,2.27876)(0.188379,0.0727107,2.025)(0.29992,0.133356,1.72634)(0.250482,0.0471102,1.69836)End frame 41;
At time 1414671133
Begin frame 42:
(0.189791,0.231231,2.28736)(0.189647,0.241268,2.2974)(0.182197,0.3011,2.28829)(0.169801,0.451749,2.27878)(0.0959441,0.275275,2.28223)(-0.0147956,0.18862,2.19919)(-0.0323419,0.176475,1.98358)(-0.0735445,0.148648,1.67764)(0.24864,0.335919,2.27908)(0.277218,0.25137,2.08801)(0.360593,0.163441,1.90578)(0.430184,0.138119,1.71845)(0.146259,0.172929,2.2659)(-0.0996902,0.0945117,2.12798)(0.031077,-0.0282409,1.86305)(0.0127767,-0.0499873,1.78604)(0.235192,0.189563,2.26857)(0.187869,0.0713158,2.01972)(0.31593,0.155943,1.7203)(0.263298,0.0769541,1.69468)End frame 42;
At time 1414671133
Begin frame 43:
(0.18815,0.22829,2.28182)(0.188635,0.237488,2.29256)(0.1814,0.298086,2.28711)(0.171765,0.446943,2.27593)(0.0974451,0.276853,2.28016)(-0.0328221,0.188667,2.22269)(-0.0581805,0.181559,2.01812)(-0.105455,0.148611,1.67352)(0.249321,0.329597,2.27675)(0.279735,0.244868,2.08674)(0.380357,0.157572,1.91042)(0.48835,0.131626,1.68967)(0.144058,0.174328,2.26142)(-0.127692,0.134219,2.16012)(-0.0193829,0.00918946,1.89958)(-0.0326996,-0.00959325,1.82371)(0.232917,0.186404,2.26298)(0.186027,0.0698458,2.01507)(0.325195,0.170051,1.71662)(0.266928,0.0877463,1.69352)End frame 43;
At time 1414671133
Begin frame 44:
(0.187147,0.226448,2.27831)(0.188017,0.235144,2.28953)(0.181443,0.295271,2.28579)(0.174868,0.443858,2.27215)(0.0993768,0.280546,2.27787)(-0.0442093,0.185062,2.22757)(-0.0725793,0.179582,2.0254)(-0.0986688,0.186736,1.91287)(0.250187,0.324759,2.2748)(0.281993,0.239914,2.0855)(0.391872,0.154979,1.91291)(0.523108,0.133956,1.67757)(0.14232,0.175966,2.25837)(-0.125905,0.128584,2.16072)(-0.0311701,0.0586018,1.88987)(-0.0398479,0.0408057,1.81567)(0.231384,0.184241,2.25927)(0.148942,0.06792,2.01209)(0.313847,0.167919,1.72848)(0.254547,0.0839765,1.70692)End frame 44;
At time 1414671133
Begin frame 45:
(0.186647,0.225608,2.27594)(0.188007,0.233993,2.28725)(0.182428,0.293474,2.28316)(0.178796,0.442148,2.26834)(0.102284,0.31015,2.29387)(-0.047568,0.185732,2.23554)(-0.0796118,0.183454,2.03305)(-0.079106,0.176119,1.95785)(0.251221,0.321531,2.27253)(0.283976,0.236895,2.08368)(0.401459,0.156574,1.91406)(0.547764,0.142898,1.67529)(0.141313,0.179442,2.25689)(-0.134979,0.147284,2.17414)(-0.0468672,0.106114,1.89545)(-0.0604854,0.0865393,1.82479)(0.231282,0.18449,2.2586)(0.136324,0.0677717,2.01076)(0.302454,0.161557,1.73829)(0.245764,0.0787218,1.72018)End frame 45;
At time 1414671133
Begin frame 46:
(0.187037,0.22597,2.27343)(0.188567,0.234086,2.28478)(0.183802,0.292473,2.27976)(0.182562,0.44174,2.26501)(0.0976516,0.273535,2.28174)(-0.0235815,0.174619,2.19763)(-0.0835301,0.179014,2.00847)(-0.142999,0.188383,1.7735)(0.252271,0.319373,2.27007)(0.285697,0.234982,2.08159)(0.409336,0.168236,1.9128)(0.560844,0.162152,1.68598)(0.141525,0.181257,2.25586)(-0.133704,0.155657,2.17998)(-0.0515608,0.124496,1.89838)(-0.0645803,0.104373,1.82864)(0.235364,0.191574,2.2595)(0.129443,0.0676028,2.00955)(0.292881,0.154345,1.74523)(0.239396,0.0711618,1.7289)End frame 46;
At time 1414671133
Begin frame 47:
(0.188392,0.227714,2.26987)(0.190103,0.235618,2.28112)(0.18566,0.292463,2.27561)(0.185807,0.44252,2.2613)(0.0961593,0.260717,2.27733)(0.00302923,0.207186,2.13578)(-0.0809565,0.200512,1.9534)(-0.156897,0.217035,1.76245)(0.253513,0.318271,2.26719)(0.313216,0.233003,2.08479)(0.422906,0.181025,1.91276)(0.562876,0.190795,1.70071)(0.143124,0.182517,2.25376)(-0.129771,0.161284,2.18362)(-0.0507642,0.135416,1.90048)(-0.0667234,0.115286,1.8313)(0.23813,0.198352,2.25884)(0.122827,0.0670042,2.00671)(0.285415,0.148015,1.74914)(0.240307,0.0797093,1.70502)End frame 47;
At time 1414671133
Begin frame 48:
(0.191021,0.231064,2.26664)(0.191842,0.238265,2.27786)(0.187208,0.292896,2.27179)(0.188106,0.44465,2.25669)(0.0887772,0.224101,2.24776)(0.0151345,0.220478,2.07914)(-0.0848644,0.213766,1.90766)(-0.171508,0.240139,1.73466)(0.254627,0.317901,2.26431)(0.329595,0.231655,2.08686)(0.431685,0.192125,1.91238)(0.554401,0.225684,1.70856)(0.148142,0.182743,2.25167)(-0.115866,0.165597,2.17935)(-0.0446738,0.140682,1.89866)(-0.0531472,0.118851,1.82846)(0.249416,0.213983,2.26252)(0.118131,0.0664102,2.00403)(0.279829,0.142868,1.75146)(0.240916,0.0836955,1.69275)End frame 48;
At time 1414671133
Begin frame 49:
(0.193457,0.234695,2.26377)(0.193693,0.241865,2.27445)(0.188759,0.293953,2.26684)(0.191028,0.447419,2.25202)(0.0864772,0.212619,2.2386)(0.0131047,0.218993,2.07672)(-0.0824844,0.223624,1.89597)(-0.168415,0.267012,1.70976)(0.25578,0.318346,2.26051)(0.340853,0.235081,2.08494)(0.436735,0.221505,1.90368)(0.533643,0.259342,1.71191)(0.152133,0.182796,2.25017)(-0.0843594,0.130491,2.14982)(0.0023676,0.0643604,1.88357)(-0.000666479,0.0405981,1.81404)(0.25449,0.221901,2.2642)(0.115408,0.065449,2.00048)(0.27626,0.138811,1.75226)(0.242065,0.0857386,1.684)End frame 49;
At time 1414671133
Begin frame 50:
(0.195074,0.238313,2.26142)(0.194976,0.245509,2.27144)(0.189804,0.29498,2.26296)(0.193477,0.449995,2.248)(0.0853264,0.206383,2.23415)(0.0115025,0.222518,2.04738)(-0.0775532,0.249525,1.86624)(-0.139938,0.298969,1.70908)(0.256681,0.319114,2.25709)(0.347777,0.238255,2.0829)(0.435443,0.244485,1.89587)(0.504593,0.286972,1.71253)(0.154395,0.183094,2.249)(-0.0603625,0.10516,2.11859)(0.0453818,0.0079442,1.86644)(0.0440324,-0.0167027,1.79742)(0.256459,0.226607,2.26487)(0.127614,0.0675637,1.99709)(0.221277,0.106623,1.72402)(0.205605,0.0381901,1.69416)End frame 50;
At time 1414671133
Begin frame 51:
(0.196674,0.241523,2.25803)(0.196523,0.248795,2.2674)(0.191128,0.296405,2.25882)(0.195447,0.452158,2.24404)(0.084694,0.202818,2.23122)(0.00990204,0.222684,2.03763)(-0.0678033,0.264821,1.85355)(-0.101513,0.325012,1.71936)(0.257816,0.320429,2.25328)(0.352021,0.24213,2.07954)(0.427354,0.265105,1.88609)(0.462766,0.310975,1.70972)(0.157075,0.183242,2.24585)(-0.0521154,0.0956374,2.10647)(0.0640943,-0.0215991,1.85873)(0.0579779,-0.0371816,1.79207)(0.255948,0.229758,2.2613)(0.149587,0.0594848,1.97184)(0.175507,0.0797092,1.68285)(0.178533,0.0257258,1.63008)End frame 51;
At time 1414671134
Begin frame 52:
(0.197275,0.242839,2.25444)(0.197055,0.250295,2.26399)(0.192044,0.297532,2.25597)(0.196744,0.453753,2.24042)(0.102297,0.254664,2.22635)(0.0122266,0.233397,2.03356)(-0.0602507,0.271262,1.84652)(-0.0577066,0.345594,1.73345)(0.258714,0.32169,2.25025)(0.354132,0.245855,2.07635)(0.411149,0.285264,1.87685)(0.427964,0.325306,1.70457)(0.158539,0.184342,2.24062)(-0.0497903,0.0962456,2.09348)(0.0681173,-0.0338477,1.85217)(0.0630945,-0.048811,1.78561)(0.248988,0.226278,2.2526)(0.160578,0.066991,1.98724)(0.156321,0.0694341,1.68091)(0.158683,-0.0049795,1.67746)End frame 52;
At time 1414671134
Begin frame 53:
(0.197687,0.243527,2.25189)(0.197386,0.251172,2.26168)(0.192511,0.298343,2.25401)(0.197241,0.455223,2.23632)(0.107927,0.272344,2.22423)(0.0143037,0.240224,2.0324)(-0.0533019,0.271569,1.84405)(-0.0240195,0.359353,1.74113)(0.259251,0.322769,2.2479)(0.354136,0.249514,2.07314)(0.393657,0.298973,1.87003)(0.396732,0.332864,1.6987)(0.159471,0.18517,2.2369)(-0.0476152,0.0958217,2.08513)(0.0668158,-0.0410549,1.84536)(0.0633152,-0.0562474,1.77871)(0.24685,0.22442,2.24917)(0.168377,0.0705813,1.99296)(0.153757,0.063688,1.68738)(0.153143,-0.0219442,1.69524)End frame 53;
At time 1414671134
Begin frame 54:
(0.197757,0.243523,2.24926)(0.197362,0.251466,2.2595)(0.192017,0.29953,2.2523)(0.197386,0.456102,2.23277)(0.110434,0.28394,2.22312)(0.0161501,0.244709,2.03229)(-0.0435716,0.267617,1.84413)(0.0133961,0.369542,1.74564)(0.259065,0.324107,2.24584)(0.339284,0.266533,2.06129)(0.355163,0.312086,1.85346)(0.361526,0.329373,1.69424)(0.160027,0.185959,2.23346)(-0.0467057,0.0964701,2.07948)(0.0612291,-0.0431435,1.83983)(0.071897,-0.0621609,1.77726)(0.24512,0.222239,2.24603)(0.172624,0.0725615,1.99602)(0.152703,0.0597217,1.69211)(0.153042,-0.0284461,1.70803)End frame 54;
At time 1414671134
Begin frame 55:
(0.197566,0.243493,2.2468)(0.197096,0.25165,2.25745)(0.191708,0.300649,2.25054)(0.19769,0.456883,2.22964)(0.112239,0.291127,2.22201)(0.0182785,0.247649,2.03239)(0.00142597,0.288081,1.84659)(0.0381011,0.37301,1.74729)(0.266998,0.338187,2.24354)(0.330441,0.280998,2.05475)(0.334723,0.318324,1.84755)(0.320962,0.318349,1.68582)(0.159564,0.187244,2.23074)(-0.0569968,0.114744,2.08041)(0.0433279,-0.0305992,1.8391)(0.0758528,-0.0615097,1.77953)(0.243063,0.219707,2.24184)(0.175364,0.0741301,1.99875)(0.157785,0.0555148,1.70091)(0.154208,-0.0338121,1.71591)End frame 55;
At time 1414671134
Begin frame 56:
(0.197178,0.243948,2.24512)(0.196626,0.252028,2.25586)(0.191275,0.301416,2.24885)(0.197859,0.457918,2.22653)(0.113452,0.295707,2.22111)(0.0230775,0.250459,2.0319)(0.0416312,0.300129,1.84412)(0.0803403,0.361771,1.7417)(0.269776,0.343166,2.24251)(0.301601,0.316627,2.04214)(0.28908,0.317526,1.84047)(0.270067,0.299249,1.67758)(0.158358,0.189237,2.22955)(-0.0863318,0.192026,2.12267)(-0.0174735,0.0338293,1.8773)(0.0255233,0.00722442,1.83598)(0.241957,0.218951,2.23997)(0.177086,0.0750104,2.00031)(0.159018,0.052408,1.70436)(0.155266,-0.0374935,1.71939)End frame 56;
At time 1414671134
Begin frame 57:
(0.197175,0.244547,2.24376)(0.196495,0.252603,2.25447)(0.191278,0.302377,2.24694)(0.198219,0.458581,2.2236)(0.114414,0.299047,2.2204)(0.04639,0.259295,2.02653)(0.0809807,0.3042,1.83497)(0.106328,0.349252,1.73592)(0.272438,0.347482,2.24178)(0.283779,0.332684,2.03692)(0.260809,0.313678,1.83923)(0.235932,0.284871,1.66505)(0.157761,0.191031,2.22885)(-0.0980255,0.225913,2.14268)(-0.042335,0.0645112,1.89668)(-0.0153277,0.0408769,1.84482)(0.241629,0.218572,2.23869)(0.178093,0.0755678,2.00148)(0.160885,0.0502748,1.70749)(0.172298,0.00513912,1.67606)End frame 57;
At time 1414671134
Begin frame 58:
(0.197791,0.24542,2.24223)(0.197108,0.25403,2.25226)(0.19506,0.307202,2.24043)(0.198514,0.459096,2.22126)(0.116254,0.302305,2.21844)(0.0536238,0.25608,2.02639)(0.0999436,0.297839,1.83524)(0.135401,0.318448,1.73053)(0.277398,0.353956,2.23996)(0.28552,0.317544,2.04136)(0.247558,0.288258,1.84897)(0.216081,0.274931,1.65811)(0.157407,0.192579,2.22848)(-0.060989,0.16955,2.09192)(-0.0285011,0.0457482,1.8701)(-0.0117584,0.0211699,1.81107)(0.242463,0.218483,2.23764)(0.17907,0.0758512,2.00216)(0.164044,0.0486257,1.71008)(0.187505,0.0231024,1.65371)End frame 58;
At time 1414671134
Begin frame 59:
(0.217465,0.255521,2.21952)(0.216269,0.272717,2.22654)(0.212172,0.36287,2.21448)(0.187673,0.499695,2.20778)(0.131984,0.351034,2.19569)(0.0661676,0.268103,2.02442)(0.114754,0.294445,1.83317)(0.150292,0.304846,1.7252)(0.299615,0.416114,2.22059)(0.290332,0.329278,2.04093)(0.241118,0.284804,1.8521)(0.218969,0.292937,1.7555)(0.181199,0.203712,2.21143)(-0.0508063,0.166731,2.10249)(-0.00663558,0.023112,1.86462)(0.00182023,0.000865376,1.80227)(0.257482,0.225563,2.22072)(0.188588,0.0732445,2.00669)(0.178746,0.0461925,1.7174)(0.206914,0.0313067,1.64747)End frame 59;
At time 1414671134
Begin frame 60:
(0.216484,0.261726,2.20954)(0.215834,0.282384,2.2152)(0.219048,0.395401,2.19982)(0.184389,0.520193,2.1997)(0.136831,0.370535,2.18652)(0.0857651,0.28612,2.01396)(0.18153,0.246243,1.85429)(0.219391,0.255029,1.80113)(0.306518,0.43973,2.21322)(0.295971,0.330531,2.04612)(0.238456,0.28092,1.86184)(0.221212,0.280529,1.81886)(0.171364,0.209206,2.21317)(-0.0117676,0.121802,2.05684)(0.0367295,-0.0170026,1.8202)(0.055742,-0.0293185,1.744)(0.244676,0.236816,2.18933)(0.198464,0.0654082,2.00418)(0.191167,0.0411574,1.71859)(0.220431,0.0292684,1.64038)End frame 60;
At time 1414671134
Begin frame 61:
(0.210342,0.262865,2.19734)(0.211727,0.285444,2.20493)(0.221237,0.406106,2.19411)(0.184156,0.528405,2.19615)(0.138874,0.380045,2.18141)(0.0930822,0.291679,2.00941)(0.20122,0.22506,1.85458)(0.238471,0.237783,1.82331)(0.309689,0.450979,2.20923)(0.299682,0.328875,2.0496)(0.216031,0.269531,1.88739)(0.122658,0.257492,1.81996)(0.163918,0.208077,2.21136)(-0.0622681,0.183808,2.11954)(-0.00624357,0.0449376,1.88115)(-0.0183564,0.0507685,1.83728)(0.228953,0.229802,2.15284)(0.179444,0.050251,1.97318)(0.136535,0.0372031,1.68365)(0.160344,0.00909481,1.60601)End frame 61;
At time 1414671134
Begin frame 62:
(0.208475,0.263059,2.1895)(0.209942,0.286116,2.19808)(0.218676,0.401218,2.1883)(0.187625,0.526908,2.19361)(0.139258,0.383154,2.17645)(0.0966008,0.287871,2.00396)(0.186678,0.210111,1.83934)(0.235167,0.17517,1.65751)(0.310512,0.454942,2.20509)(0.303403,0.318409,2.05025)(0.207026,0.261765,1.89445)(0.0673308,0.241161,1.80804)(0.172632,0.209113,2.17606)(-0.0702429,0.207196,2.15229)(-0.011274,0.0660064,1.90895)(-0.00846429,0.0550788,1.84708)(0.232058,0.221664,2.14896)(0.169293,0.0425011,1.95703)(0.108954,0.0403993,1.66508)(0.133131,0.00254512,1.591)End frame 62;
At time 1414671134
Begin frame 63:
(0.206997,0.260063,2.18103)(0.207717,0.281475,2.19042)(0.211667,0.383019,2.18402)(0.20067,0.511587,2.18888)(0.136798,0.378453,2.17113)(0.0797213,0.258115,2.00872)(0.163267,0.192733,1.84014)(0.253175,0.145363,1.62905)(0.307499,0.449353,2.20037)(0.30489,0.308091,2.04785)(0.206851,0.25298,1.89296)(0.0528763,0.224631,1.77136)(0.175802,0.206665,2.15586)(-0.077964,0.223002,2.17196)(-0.0161326,0.0793135,1.92529)(-0.0169198,0.0705117,1.86908)(0.236591,0.212143,2.14992)(0.163039,0.0369713,1.94602)(0.0980583,0.0419291,1.65659)(0.121202,-0.000941561,1.58441)End frame 63;
At time 1414671134
Begin frame 64:
(0.210021,0.248751,2.16737)(0.209116,0.267544,2.17986)(0.207402,0.365893,2.18113)(0.21061,0.495771,2.18382)(0.13386,0.368595,2.16617)(0.0700603,0.239699,2.00957)(0.130037,0.174455,1.83597)(0.174343,0.1776,1.75855)(0.303726,0.437921,2.19581)(0.306464,0.298146,2.04402)(0.255144,0.223971,1.87661)(0.224267,0.226049,1.79857)(0.187158,0.198422,2.141)(-0.0755179,0.230724,2.1804)(-0.0152739,0.0871174,1.93426)(-0.0155614,0.07825,1.87847)(0.238843,0.205411,2.14596)(0.173797,0.0209274,1.91235)(0.0995579,0.042111,1.64363)(0.123779,-0.00603781,1.57186)End frame 64;
At time 1414671134
Begin frame 65:
(0.212455,0.240971,2.15923)(0.210226,0.257665,2.17379)(0.205728,0.354504,2.1789)(0.215997,0.480035,2.17151)(0.131762,0.358371,2.16201)(0.0671072,0.232626,2.0092)(0.0830064,0.178766,1.82418)(0.144189,0.166143,1.76505)(0.297878,0.386543,2.19229)(0.308827,0.276109,2.04023)(0.285967,0.198566,1.85988)(0.250141,0.141108,1.61221)(0.192706,0.194333,2.13404)(-0.0698282,0.233374,2.17927)(-0.0141053,0.0919364,1.93873)(-0.00736489,0.0803509,1.87818)(0.241016,0.200103,2.14299)(0.177913,0.0150337,1.89926)(0.103728,0.0424347,1.63453)(0.13597,-0.00364274,1.56147)End frame 65;
At time 1414671134
Begin frame 66:
(0.213182,0.236173,2.15437)(0.210486,0.251487,2.17051)(0.207625,0.34469,2.17696)(0.219156,0.468671,2.16127)(0.132245,0.347972,2.15844)(0.0658805,0.227317,2.00858)(0.0535186,0.178769,1.81744)(0.0634303,0.159455,1.67034)(0.310666,0.283674,2.1745)(0.344341,0.176246,2.02517)(0.33203,0.138106,1.83634)(0.304298,0.108763,1.56132)(0.186742,0.194007,2.12849)(-0.0741408,0.236903,2.17797)(-0.0160339,0.0961824,1.9418)(-0.00951342,0.0836841,1.87912)(0.241159,0.192852,2.14161)(0.178986,0.0119127,1.89211)(0.154322,-0.0644392,1.64402)(0.163656,-0.0407715,1.5678)End frame 66;
At time 1414671134
Begin frame 67:
(0.213123,0.23269,2.15008)(0.210378,0.247356,2.1676)(0.210666,0.338368,2.17388)(0.221086,0.463544,2.14797)(0.133812,0.340133,2.15447)(0.0660356,0.223424,2.00685)(0.033413,0.174491,1.81393)(0.00148426,0.140095,1.64025)(0.321447,0.221997,2.15789)(0.365859,0.12362,2.01261)(0.360854,0.10044,1.81762)(0.348415,0.077266,1.51433)(0.179649,0.195077,2.12459)(-0.079766,0.237743,2.17052)(-0.0163849,0.0974953,1.94419)(-0.00843796,0.0800723,1.87933)(0.24058,0.185543,2.13938)(0.179701,0.00979198,1.88701)(0.171193,-0.104688,1.64299)(0.179508,-0.0614112,1.57293)End frame 67;
At time 1414671134
Begin frame 68:
(0.212155,0.230349,2.14441)(0.20999,0.244733,2.16361)(0.216739,0.335371,2.16519)(0.221747,0.464421,2.13026)(0.136648,0.33449,2.14787)(0.0588967,0.237231,2.1125)(0.0251708,0.200118,1.95719)(0.0135285,0.186326,1.90038)(0.325388,0.200121,2.14947)(0.374401,0.118123,2.01178)(0.372623,0.0958182,1.81665)(0.361462,0.0716468,1.51575)(0.172177,0.197705,2.11984)(-0.0880428,0.233174,2.14525)(-0.0162426,0.0949144,1.93927)(-0.007548,0.069821,1.86546)(0.239703,0.180351,2.13663)(0.180105,0.0086344,1.88342)(0.175684,-0.0731102,1.65487)(0.186982,-0.0569698,1.5766)End frame 68;
At time 1414671134
Begin frame 69:
(0.211004,0.228695,2.1362)(0.209512,0.242728,2.1572)(0.221319,0.334356,2.15639)(0.221111,0.467774,2.11205)(0.139156,0.330387,2.14098)(0.0539198,0.244681,2.16119)(0.00807528,0.200829,1.98908)(-0.0363592,0.17046,1.95296)(0.314393,0.277689,2.14177)(0.374878,0.137903,2.02207)(0.389368,0.100725,1.82824)(0.385683,0.108701,1.74875)(0.168296,0.199316,2.11475)(-0.0898752,0.223428,2.11878)(-0.0138128,0.0886637,1.92232)(-0.00344012,0.0591531,1.83813)(0.239008,0.177492,2.13158)(0.180022,0.00848721,1.88124)(0.183952,-0.086006,1.65625)(0.190329,-0.0494421,1.57984)End frame 69;
At time 1414671134
Begin frame 70:
(0.209096,0.227733,2.12059)(0.207937,0.242603,2.14151)(0.227197,0.338273,2.13218)(0.221522,0.479165,2.08092)(0.142849,0.328297,2.12478)(0.0517733,0.248674,2.18026)(-0.0379749,0.17682,2.0543)(-0.0938102,0.153291,2.05439)(0.315495,0.273878,2.12957)(0.374047,0.137434,2.02451)(0.418151,0.0910724,1.88238)(0.443152,0.0796128,1.77216)(0.165117,0.200683,2.1074)(-0.0898357,0.220197,2.10511)(-0.0161472,0.0839444,1.90534)(-0.0050777,0.0539099,1.82162)(0.237543,0.177247,2.11926)(0.179501,0.00855314,1.87929)(0.183422,-0.0765299,1.65815)(0.19132,-0.043362,1.58122)End frame 70;
At time 1414671134
Begin frame 71:
(0.208011,0.227583,2.10403)(0.207515,0.243418,2.12481)(0.231729,0.342813,2.11363)(0.22103,0.486287,2.05935)(0.146784,0.328557,2.10835)(0.0444328,0.238827,2.11262)(-0.0143303,0.111099,2.00745)(-0.0758803,0.104696,2.01621)(0.313292,0.298101,2.11397)(0.383337,0.171746,2.02426)(0.426219,0.090181,1.92291)(0.460191,0.0816206,1.83887)(0.163198,0.202491,2.09674)(-0.0885066,0.219686,2.09442)(0.0533127,0.0795236,1.93376)(0.0746233,0.0431791,1.86368)(0.236262,0.178337,2.10265)(0.178912,0.00887188,1.87802)(0.181328,-0.0669948,1.65905)(0.191779,-0.0367033,1.58237)End frame 71;
At time 1414671134
Begin frame 72:
(0.205423,0.234579,2.08079)(0.207318,0.252887,2.09742)(0.229064,0.352301,2.07548)(0.221074,0.494073,2.03117)(0.120042,0.334938,2.09828)(0.0358464,0.232103,2.09469)(0.0428404,0.0842283,1.98001)(0.0318983,0.0498567,1.97336)(0.313489,0.305679,2.10263)(0.373821,0.171801,2.01017)(0.443901,0.0918572,1.93215)(0.469062,0.0822097,1.85748)(0.158633,0.20556,2.08128)(-0.0889361,0.219784,2.08336)(0.0751291,0.077344,1.93991)(0.108588,0.0371379,1.87761)(0.235919,0.1808,2.08381)(0.177581,0.00860786,1.8754)(0.178404,-0.0605363,1.65692)(0.191858,-0.0320181,1.58097)End frame 72;
At time 1414671134
Begin frame 73:
(0.204916,0.241735,2.06233)(0.208864,0.26132,2.07607)(0.229535,0.359285,2.05274)(0.222343,0.500679,2.01051)(0.11363,0.337208,2.09274)(0.0188478,0.21128,2.03777)(0.0616268,0.0453224,1.95667)(0.0769272,0.0048111,1.93497)(0.315393,0.310173,2.09224)(0.382144,0.177135,1.99741)(0.45472,0.0876297,1.92991)(0.477367,0.0815056,1.87609)(0.154849,0.209018,2.06465)(-0.0893324,0.220579,2.07228)(0.0890779,0.0752844,1.94374)(0.124595,0.0336367,1.88386)(0.237229,0.184729,2.06683)(0.173874,0.00775355,1.87065)(0.173437,-0.0552066,1.65271)(0.190847,-0.0283261,1.57815)End frame 73;
At time 1414671134
Begin frame 74:
(0.203994,0.253465,2.04136)(0.208669,0.273301,2.053)(0.230465,0.366762,2.03132)(0.223665,0.508033,1.98627)(0.0993795,0.366375,2.05741)(-0.0029044,0.219396,1.99975)(0.074761,0.0436349,1.93526)(0.103715,-0.00402424,1.91613)(0.318676,0.313421,2.07762)(0.383929,0.17912,1.99343)(0.46223,0.0882558,1.92627)(0.484457,0.0814743,1.89336)(0.148523,0.217374,2.03937)(-0.0910487,0.221693,2.06124)(0.097628,0.0739266,1.94556)(0.134298,0.0312851,1.88694)(0.237338,0.190157,2.05181)(0.170565,0.00698092,1.86633)(0.168853,-0.0512355,1.64842)(0.189678,-0.0256549,1.57515)End frame 74;
At time 1414671134
Begin frame 75:
(0.202945,0.263312,2.02398)(0.208085,0.282495,2.03405)(0.230366,0.370571,2.01333)(0.22363,0.512089,1.96634)(0.0911728,0.381379,2.03313)(-0.0139511,0.223228,1.98283)(-0.0346532,0.0850391,1.96146)(-0.0673939,0.0641498,1.9433)(0.321563,0.313877,2.05954)(0.385048,0.181181,1.99045)(0.465605,0.0894462,1.9234)(0.488145,0.0823359,1.90239)(0.144642,0.222482,2.02045)(-0.0932522,0.223778,2.04539)(0.105234,0.0707586,1.94505)(0.139673,0.0265993,1.88369)(0.235582,0.199087,2.03556)(0.166255,0.00511197,1.85915)(0.163779,-0.0488173,1.64208)(0.187948,-0.024509,1.56943)End frame 75;
At time 1414671134
Begin frame 76:
(0.198141,0.273546,1.99718)(0.202883,0.295987,1.99723)(0.222841,0.383858,1.96306)(0.219331,0.520539,1.92283)(0.0997871,0.416802,1.9855)(-0.00250922,0.252581,1.95727)(-0.0552538,0.0924218,1.95545)(-0.0751369,0.0723001,1.92602)(0.319379,0.320666,2.00521)(0.385775,0.185528,1.98582)(0.466323,0.0907833,1.92117)(0.487993,0.0831321,1.90189)(0.142318,0.227906,2.00234)(-0.0943989,0.227148,2.03069)(0.110616,0.0672788,1.94284)(0.139907,0.0220148,1.87587)(0.229977,0.209358,2.01654)(0.162833,0.00364676,1.85329)(0.159404,-0.0473583,1.63627)(0.187106,-0.0239602,1.56515)End frame 76;
At time 1414671134
Begin frame 77:
(0.196641,0.278607,1.98055)(0.201444,0.301108,1.97983)(0.220701,0.389106,1.94081)(0.21847,0.52411,1.90269)(0.0935243,0.410789,1.96078)(-0.0030392,0.252358,1.94444)(-0.082084,0.104369,1.95905)(-0.123986,0.0967693,1.93089)(0.319315,0.323355,1.98047)(0.384369,0.193236,1.9783)(0.464411,0.0932698,1.91925)(0.487389,0.0801684,1.89232)(0.140846,0.230635,1.98667)(-0.0952928,0.232522,2.01315)(0.113896,0.0648226,1.93814)(0.136318,0.0205914,1.86407)(0.228104,0.216483,1.99993)(0.158976,0.00123978,1.84534)(0.154803,-0.0473321,1.62884)(0.187175,-0.0237946,1.5637)End frame 77;
At time 1414671134
Begin frame 78:
(0.201082,0.280969,1.96043)(0.207935,0.303632,1.95819)(0.24507,0.396809,1.90836)(0.218514,0.52536,1.87794)(0.0975841,0.410232,1.94566)(-0.00164435,0.253575,1.93436)(-0.0936504,0.108748,1.95923)(-0.141443,0.105221,1.93061)(0.336175,0.32805,1.94869)(0.382679,0.198512,1.96755)(0.463924,0.0950967,1.9165)(0.489684,0.0762288,1.8821)(0.141871,0.231938,1.97045)(-0.0931156,0.242117,1.9853)(0.11588,0.0629271,1.92806)(0.132219,0.0206948,1.84768)(0.230541,0.221854,1.97889)(0.156331,-0.000638275,1.83898)(0.151222,-0.0478275,1.62224)(0.188909,-0.0249178,1.56908)End frame 78;
At time 1414671134
Begin frame 79:
(0.204653,0.282933,1.94415)(0.211991,0.305365,1.94282)(0.25339,0.400133,1.89468)(0.217908,0.52625,1.85276)(0.105527,0.409623,1.92373)(0.00211457,0.255858,1.9228)(-0.0982497,0.11263,1.95567)(-0.151867,0.111216,1.92909)(0.344489,0.330752,1.93161)(0.382975,0.202603,1.95268)(0.467077,0.10404,1.89881)(0.495817,0.0730518,1.86029)(0.144599,0.234668,1.94925)(-0.0907867,0.245493,1.96892)(0.084912,0.0443873,1.88511)(0.105972,0.00781278,1.8122)(0.231332,0.224909,1.96313)(0.154212,-0.00229455,1.83333)(0.294782,0.0211375,1.87761)(0.269993,0.00465576,1.80652)End frame 79;
At time 1414671134
Begin frame 80:
(0.196745,0.278953,1.90645)(0.203322,0.30218,1.90059)(0.231578,0.401885,1.8426)(0.217191,0.527463,1.82311)(0.105632,0.405839,1.91038)(0.00354579,0.255517,1.91252)(-0.0949571,0.117164,1.9391)(-0.153937,0.116078,1.92131)(0.328171,0.333862,1.87513)(0.386001,0.207962,1.93546)(0.47107,0.109087,1.88521)(0.500404,0.0702272,1.84596)(0.144761,0.234902,1.92999)(-0.0903954,0.248548,1.94891)(0.0735547,0.0395121,1.86623)(0.0941013,0.00398542,1.79336)(0.229339,0.226993,1.94422)(0.152353,-0.00327272,1.82933)(0.314087,0.0333036,1.91352)(0.283315,0.00852183,1.8528)End frame 80;
At time 1414671134
Begin frame 81:
(0.195057,0.279725,1.88654)(0.200081,0.302375,1.8801)(0.22007,0.40187,1.81896)(0.213957,0.527435,1.79475)(0.0839733,0.384465,1.88568)(0.00370867,0.253992,1.89714)(-0.090371,0.118169,1.92402)(-0.142046,0.109951,1.90747)(0.32692,0.342387,1.85692)(0.391502,0.212904,1.90848)(0.475613,0.113212,1.86879)(0.502952,0.0727127,1.81183)(0.144819,0.233704,1.91146)(-0.0900785,0.25528,1.91582)(0.0667846,0.0364102,1.85311)(0.088723,0.00150588,1.78245)(0.232227,0.231016,1.92254)(0.1509,-0.00384647,1.82626)(0.253772,-0.0842375,1.74032)(0.187999,-0.0684956,1.66709)End frame 81;
At time 1414671135
Begin frame 82:
(0.193033,0.280574,1.86847)(0.196503,0.302526,1.86095)(0.207058,0.396845,1.79616)(0.211035,0.526086,1.76479)(0.0886505,0.388811,1.84472)(0.00381781,0.254563,1.87641)(-0.0840373,0.123065,1.9021)(-0.127205,0.102691,1.89973)(0.310281,0.379951,1.82127)(0.403475,0.242213,1.85886)(0.488122,0.11164,1.8079)(0.509272,0.0707209,1.76638)(0.146377,0.235558,1.88693)(-0.0885575,0.256758,1.89738)(0.0612756,0.0346871,1.8433)(0.0854122,-5.5806e-006,1.77616)(0.231161,0.236816,1.89774)(0.150185,-0.00457,1.82209)(0.266498,-0.109385,1.74389)(0.192554,-0.0830525,1.67656)End frame 82;
At time 1414671135
Begin frame 83:
(0.191236,0.280832,1.84345)(0.193013,0.302823,1.83151)(0.194119,0.396785,1.75339)(0.208225,0.524693,1.73339)(0.0909388,0.388889,1.82284)(-0.000215911,0.252659,1.84991)(-0.0806921,0.132584,1.87646)(-0.11678,0.101873,1.89168)(0.302698,0.400269,1.79337)(0.391545,0.260527,1.8278)(0.487169,0.122275,1.7965)(0.506976,0.0809767,1.75483)(0.149571,0.235979,1.85445)(-0.0850475,0.25686,1.87337)(0.0522883,0.0376439,1.83757)(0.0806948,0.00169108,1.77366)(0.230164,0.240353,1.88083)(0.149026,-0.0049048,1.81788)(0.310728,-0.0833097,1.75271)(0.230938,-0.0766096,1.70729)End frame 83;
At time 1414671135
Begin frame 84:
(0.188646,0.278116,1.81572)(0.189212,0.300139,1.80178)(0.189096,0.393861,1.71997)(0.203835,0.520616,1.69791)(0.0901764,0.387364,1.77079)(-0.00407436,0.252381,1.82063)(-0.0804086,0.138996,1.85817)(-0.110482,0.102619,1.88373)(0.298307,0.408207,1.77706)(0.38842,0.26458,1.81342)(0.487067,0.131541,1.78238)(0.506732,0.0879874,1.74235)(0.149094,0.235446,1.83208)(-0.0849793,0.25495,1.84744)(0.0464706,0.0398639,1.83301)(0.0778193,0.00282551,1.7717)(0.22739,0.239735,1.85277)(0.148552,-0.0116216,1.79921)(0.329123,-0.022334,1.81295)(0.266061,-0.0441837,1.75554)End frame 84;
At time 1414671135
Begin frame 85:
(0.183908,0.274082,1.78581)(0.183483,0.296082,1.76878)(0.180962,0.38906,1.67497)(0.197147,0.515881,1.66072)(0.0884844,0.386377,1.73852)(-0.00933958,0.251378,1.79314)(-0.0820941,0.146111,1.83595)(-0.106145,0.103836,1.87492)(0.296174,0.390434,1.76266)(0.384884,0.261895,1.79399)(0.487783,0.138662,1.76861)(0.507479,0.0948357,1.72874)(0.14604,0.234335,1.8112)(-0.0884651,0.252404,1.81677)(0.0411243,0.0424949,1.82861)(0.0755854,0.00395522,1.77003)(0.223502,0.236412,1.82418)(0.148376,-0.0165083,1.78608)(0.336096,0.00381595,1.837)(0.28085,-0.0254629,1.78102)End frame 85;
At time 1414671135
Begin frame 86:
(0.180275,0.270745,1.76227)(0.179759,0.292917,1.74561)(0.177372,0.386912,1.65415)(0.189336,0.508559,1.62321)(0.0870455,0.385538,1.7192)(-0.0155705,0.251651,1.76634)(-0.0844346,0.151193,1.81448)(-0.102594,0.105196,1.86379)(0.296688,0.372027,1.74125)(0.382395,0.258466,1.77396)(0.488979,0.144995,1.75492)(0.508819,0.101598,1.71448)(0.142079,0.23271,1.7918)(-0.0929991,0.246196,1.7863)(0.035818,0.0458063,1.82396)(0.0737418,0.00533119,1.76868)(0.220443,0.23193,1.79653)(0.145417,-0.0163669,1.77809)(0.340205,0.0120303,1.84465)(0.285751,-0.0213192,1.78807)End frame 86;
At time 1414671135
Begin frame 87:
(0.178929,0.26665,1.7451)(0.179315,0.289437,1.73008)(0.186882,0.384271,1.63994)(0.181704,0.50273,1.59111)(0.0907802,0.384553,1.70579)(-0.0181018,0.256195,1.73616)(-0.0871335,0.152832,1.7954)(-0.100492,0.106389,1.84702)(0.298739,0.350426,1.7088)(0.384586,0.252482,1.74632)(0.491524,0.153475,1.73675)(0.509918,0.110048,1.69585)(0.137597,0.22895,1.76413)(-0.0959762,0.24183,1.75745)(0.0300034,0.0500427,1.81825)(0.0725159,0.00691262,1.76801)(0.215335,0.225576,1.77105)(0.142621,-0.0152802,1.77161)(0.336501,0.00888935,1.83992)(0.284213,-0.0228298,1.78651)End frame 87;
At time 1414671135
Begin frame 88:
(0.176897,0.264163,1.70169)(0.180178,0.286181,1.68814)(0.197918,0.38196,1.61549)(0.168633,0.493459,1.54682)(0.0718435,0.379411,1.64854)(-0.0234392,0.253337,1.70974)(-0.0954195,0.151796,1.76666)(-0.107651,0.114228,1.80816)(0.293076,0.346359,1.65922)(0.383297,0.248401,1.71576)(0.49313,0.162029,1.7191)(0.510464,0.116203,1.68168)(0.129681,0.226043,1.73504)(-0.101497,0.236528,1.73347)(0.0238276,0.0540439,1.8108)(0.0710646,0.00837034,1.76676)(0.210485,0.220391,1.72628)(0.140767,-0.0132395,1.7644)(0.333211,2.39304e-005,1.82506)(0.280999,-0.028246,1.77757)End frame 88;
At time 1414671135
Begin frame 89:
(0.174838,0.262591,1.66811)(0.179672,0.283706,1.65457)(0.20478,0.376256,1.58038)(0.158638,0.487358,1.5146)(0.0535096,0.374243,1.60572)(-0.0302075,0.248206,1.68123)(-0.103012,0.139649,1.75502)(-0.110054,0.112727,1.79751)(0.2902,0.345429,1.62574)(0.384122,0.243672,1.68499)(0.495023,0.165683,1.69343)(0.512191,0.117202,1.66338)(0.118713,0.221977,1.69677)(-0.10877,0.226605,1.71216)(0.0201197,0.0592623,1.78168)(0.0717376,0.0102102,1.75564)(0.208148,0.217658,1.69934)(0.140256,-0.0110505,1.75779)(0.320415,-0.0540049,1.76903)(0.258952,-0.0632944,1.73264)End frame 89;
At time 1414671135
Begin frame 90:
(0.169028,0.258529,1.62141)(0.174446,0.278573,1.60662)(0.202331,0.368474,1.53126)(0.145014,0.480376,1.47187)(0.0408654,0.36559,1.55457)(-0.0376115,0.243754,1.64897)(-0.109331,0.140715,1.71097)(-0.114866,0.116699,1.76335)(0.287307,0.342677,1.5763)(0.377221,0.240014,1.64155)(0.504481,0.16109,1.65743)(0.521194,0.10988,1.63908)(0.109824,0.217791,1.65829)(-0.11445,0.187155,1.68537)(7.15866e-005,0.0546729,1.77186)(0.0612592,0.00974908,1.75089)(0.203105,0.213613,1.65481)(0.180783,-0.00312114,1.74334)(0.159312,-0.121744,1.74742)(0.175831,-0.101076,1.70729)End frame 90;
At time 1414671135
Begin frame 91:
(0.160122,0.252722,1.58358)(0.16344,0.271769,1.56231)(0.184891,0.360449,1.47146)(0.1327,0.474623,1.43275)(0.0347563,0.360997,1.50754)(-0.0411655,0.242512,1.61287)(-0.125713,0.149648,1.65144)(-0.139267,0.120341,1.68333)(0.282774,0.338312,1.53453)(0.400503,0.243611,1.59929)(0.510808,0.164884,1.63808)(0.525421,0.116929,1.62399)(0.104017,0.215664,1.63428)(-0.117906,0.167769,1.6692)(-0.0117158,0.0508918,1.76276)(0.0532822,0.00857619,1.74478)(0.196318,0.207334,1.61548)(0.200184,0.00315018,1.73343)(0.0713326,-0.157643,1.72148)(0.127616,-0.12054,1.68416)End frame 91;
At time 1414671135
Begin frame 92:
(0.152699,0.245386,1.54201)(0.154988,0.264418,1.52159)(0.16778,0.349926,1.42131)(0.121314,0.465227,1.39543)(0.0339478,0.354585,1.47071)(-0.0326611,0.246912,1.5677)(-0.123305,0.166028,1.60763)(-0.142187,0.132347,1.62647)(0.279594,0.334334,1.50062)(0.410531,0.240316,1.56382)(0.514767,0.170862,1.62121)(0.527528,0.124717,1.61014)(0.099316,0.211545,1.58958)(-0.117118,0.155272,1.65585)(0.0223541,0.0411503,1.70662)(0.0506505,-0.00673981,1.6792)(0.193554,0.202497,1.58092)(0.209833,0.00600197,1.72635)(0.0397846,-0.175525,1.69298)(0.1248,-0.121523,1.66154)End frame 92;
At time 1414671135
Begin frame 93:
(0.145682,0.239502,1.50974)(0.146892,0.258284,1.48667)(0.153113,0.341505,1.37081)(0.112024,0.45999,1.36034)(0.0339459,0.347409,1.43343)(-0.0321849,0.246742,1.54561)(-0.123806,0.168074,1.58512)(-0.144471,0.133376,1.60026)(0.275203,0.326992,1.45933)(0.410619,0.233526,1.52956)(0.51345,0.176548,1.59655)(0.525869,0.132632,1.58825)(0.0946551,0.208735,1.55925)(-0.116662,0.145225,1.64003)(0.0474796,0.0365451,1.66863)(0.0496455,-0.0165827,1.63543)(0.188322,0.197264,1.54689)(0.208671,0.00520041,1.70252)(0.148329,-0.056885,1.68393)(0.144046,-0.106988,1.64344)End frame 93;
At time 1414671135
Begin frame 94:
(0.139721,0.233344,1.47936)(0.140792,0.252701,1.45629)(0.145304,0.337217,1.33701)(0.104995,0.455402,1.32476)(0.0335971,0.340633,1.40447)(-0.0341279,0.244569,1.52332)(-0.103149,0.147759,1.55572)(-0.143048,0.12489,1.5806)(0.271337,0.318131,1.42588)(0.406889,0.226264,1.49204)(0.499002,0.15388,1.5603)(0.519511,0.12002,1.55916)(0.0901737,0.205195,1.53035)(-0.12004,0.14155,1.60465)(0.0584212,0.0344605,1.64706)(0.0824648,-0.0223927,1.61983)(0.183527,0.190908,1.51382)(0.17434,-0.000941974,1.66637)(0.1972,-0.0949345,1.71448)(0.178688,-0.103116,1.65824)End frame 94;
At time 1414671135
Begin frame 95:
(0.135817,0.22986,1.4521)(0.136527,0.249205,1.42948)(0.139368,0.333016,1.31174)(0.100828,0.449931,1.29284)(0.0324708,0.332552,1.36645)(-0.0355291,0.24351,1.49503)(-0.0893123,0.141689,1.53915)(-0.121841,0.131875,1.54855)(0.265713,0.312735,1.39305)(0.400703,0.223809,1.45094)(0.488702,0.159447,1.52369)(0.514201,0.118415,1.54639)(0.0876443,0.2035,1.50153)(-0.118352,0.139956,1.58844)(0.0631465,0.0336616,1.63318)(0.0953151,-0.0236904,1.61045)(0.180957,0.18838,1.48672)(0.148803,-0.00496925,1.64359)(0.274075,-0.0895826,1.69868)(0.203548,-0.0974243,1.65305)End frame 95;
At time 1414671135
Begin frame 96:
(0.132554,0.228603,1.42971)(0.132806,0.248274,1.40525)(0.133447,0.334145,1.27647)(0.0964468,0.451818,1.25982)(0.0318537,0.328396,1.33253)(-0.035143,0.245843,1.46723)(-0.0778762,0.141715,1.5263)(-0.109504,0.135575,1.53038)(0.262457,0.310483,1.37094)(0.391317,0.238687,1.40187)(0.461803,0.140336,1.49093)(0.491922,0.100751,1.53202)(0.0854933,0.203515,1.47736)(-0.120884,0.150627,1.55421)(0.0656987,0.0335418,1.6232)(0.102384,-0.0236312,1.60214)(0.178173,0.187915,1.46513)(0.137998,-0.00774071,1.63091)(0.329889,-0.0653746,1.67965)(0.232387,-0.0817621,1.64178)End frame 96;
At time 1414671135
Begin frame 97:
(0.130735,0.22737,1.41758)(0.13067,0.247094,1.39269)(0.129406,0.332732,1.26157)(0.0939111,0.447532,1.23473)(0.0336151,0.317712,1.32474)(-0.0360749,0.246239,1.45235)(-0.0720767,0.141092,1.51812)(-0.105055,0.134414,1.51955)(0.260256,0.310742,1.35093)(0.387867,0.244709,1.37902)(0.455632,0.136597,1.47941)(0.476499,0.0948674,1.51995)(0.0845801,0.202639,1.46433)(-0.123802,0.161841,1.53215)(0.0648714,0.0349714,1.61464)(0.106433,-0.0219366,1.59514)(0.176903,0.187485,1.45337)(0.128627,-0.00838773,1.6197)(0.351806,-0.0534922,1.64593)(0.244802,-0.0720623,1.62256)End frame 97;
At time 1414671135
Begin frame 98:
(0.130687,0.231436,1.39742)(0.130056,0.249771,1.37501)(0.126833,0.33191,1.25081)(0.0906118,0.443413,1.21543)(-0.00506385,0.314988,1.38915)(-0.0462398,0.226537,1.44936)(-0.0673583,0.129253,1.53124)(-0.103039,0.115644,1.52334)(0.259499,0.312587,1.33555)(0.387084,0.247626,1.36472)(0.451762,0.13462,1.4727)(0.468366,0.0926407,1.51235)(0.0838113,0.202203,1.45463)(-0.125843,0.169514,1.51924)(0.0581953,0.0435032,1.6058)(0.104271,-0.0119552,1.58562)(0.179787,0.191657,1.43882)(0.123263,-0.00830181,1.60924)(0.357549,-0.0395032,1.60318)(0.252885,-0.0608428,1.59404)End frame 98;
At time 1414671135
Begin frame 99:
(0.131807,0.239353,1.37929)(0.13054,0.255742,1.35918)(0.125009,0.331441,1.24303)(0.0861768,0.43901,1.20063)(-0.0139051,0.311889,1.3944)(-0.0615135,0.212491,1.43994)(-0.0593847,0.131624,1.53756)(-0.0667113,0.116447,1.55954)(0.2622,0.320462,1.31968)(0.380016,0.251794,1.35445)(0.446337,0.135871,1.46798)(0.463453,0.092138,1.50836)(0.083565,0.203657,1.44499)(-0.126702,0.176867,1.51007)(0.017374,0.0640028,1.60666)(0.070439,0.0148022,1.5833)(0.186143,0.201714,1.42277)(0.120198,-0.00534297,1.59055)(0.347393,-0.0383089,1.55835)(0.251422,-0.0539351,1.56176)End frame 99;
At time 1414671135
Begin frame 100:
(0.132457,0.248904,1.36877)(0.130816,0.262699,1.35069)(0.122407,0.335478,1.25173)(0.0834388,0.435634,1.19089)(-0.0181343,0.332464,1.39243)(-0.0652042,0.230212,1.42635)(-0.0599536,0.149455,1.52698)(-0.0668055,0.120263,1.54362)(0.268143,0.334283,1.3051)(0.379443,0.260856,1.34225)(0.44572,0.149731,1.46159)(0.467902,0.0830385,1.52038)(0.0837144,0.207577,1.43771)(-0.025327,0.136832,1.59425)(-0.056607,0.0317682,1.66996)(-0.00143488,0.0107064,1.62693)(0.190215,0.209945,1.41296)(0.120204,-0.00341795,1.57277)(0.190159,-0.0275278,1.52845)(0.179012,-0.0683928,1.50512)End frame 100;
At time 1414671135
Begin frame 101:
(0.134521,0.265106,1.363)(0.133912,0.280132,1.34691)(0.132745,0.357386,1.26816)(0.0816454,0.433451,1.18389)(-0.018626,0.354458,1.38351)(-0.0830943,0.258437,1.39997)(-0.0610227,0.18114,1.53588)(-0.055037,0.149181,1.57625)(0.273966,0.349393,1.29355)(0.379354,0.266076,1.33589)(0.445023,0.157754,1.45882)(0.468843,0.0800645,1.52463)(0.0835895,0.218411,1.43135)(0.0205268,0.0939682,1.58177)(-0.107145,0.0513486,1.70034)(-0.0516429,0.0362806,1.64896)(0.192283,0.21896,1.40655)(0.122497,-0.00360963,1.54969)(0.155286,-0.0496218,1.46518)(0.144378,-0.101637,1.4347)End frame 101;
At time 1414671135
Begin frame 102:
(0.139078,0.286401,1.36108)(0.140301,0.30255,1.34681)(0.147936,0.379741,1.28018)(0.0807229,0.432252,1.17871)(-0.00999419,0.397533,1.3535)(-0.0734549,0.300272,1.37672)(-0.0588428,0.212808,1.52885)(-0.0511844,0.175764,1.58154)(0.282731,0.371716,1.28189)(0.369153,0.281574,1.32929)(0.43239,0.172828,1.45071)(0.451715,0.11235,1.5008)(0.084126,0.239742,1.42488)(0.0917751,0.0479029,1.54923)(-0.0858526,0.081373,1.66593)(-0.0389717,0.0556114,1.62058)(0.192887,0.23061,1.40228)(0.124254,-0.00482661,1.52681)(0.185361,-0.0725493,1.40087)(0.148875,-0.0955142,1.41238)End frame 102;
At time 1414671135
Begin frame 103:
(0.144561,0.308268,1.36014)(0.14875,0.32746,1.34645)(0.174919,0.416984,1.28067)(0.0882181,0.441956,1.16871)(-0.00137172,0.431396,1.32611)(-0.0653059,0.332522,1.3668)(-0.0591607,0.233639,1.52451)(-0.052423,0.196818,1.582)(0.288567,0.401372,1.26926)(0.366138,0.291958,1.33873)(0.426185,0.175702,1.45105)(0.447348,0.107771,1.50284)(0.0853241,0.266043,1.41598)(0.116883,0.0308823,1.51408)(-0.0952387,0.0962315,1.66192)(-0.0479251,0.0685646,1.61344)(0.190745,0.250793,1.39852)(0.127252,-0.00453756,1.51327)(0.140991,-0.0665048,1.42514)(0.164049,-0.0714645,1.40557)End frame 103;
At time 1414671135
Begin frame 104:
(0.147583,0.327066,1.35813)(0.152308,0.344472,1.34504)(0.18093,0.431875,1.28125)(0.0903514,0.449376,1.16298)(-0.00157502,0.453592,1.31225)(-0.0664679,0.354224,1.38491)(-0.0609208,0.244499,1.53063)(-0.0537819,0.206067,1.5886)(0.289832,0.417133,1.26216)(0.362749,0.299171,1.34384)(0.417224,0.175637,1.45031)(0.434381,0.111749,1.49011)(0.0867654,0.282534,1.41017)(0.106675,0.0277407,1.47551)(-0.0926807,0.103546,1.65324)(-0.04078,0.0728172,1.5996)(0.189971,0.268666,1.39475)(0.131684,-0.00545819,1.4891)(0.13265,-0.0400546,1.42884)(0.175576,-0.042216,1.39462)End frame 104;
At time 1414671135
Begin frame 105:
(0.150022,0.340888,1.35565)(0.154862,0.357171,1.34303)(0.184232,0.440771,1.28145)(0.0919965,0.456188,1.15922)(-0.00239494,0.465673,1.30513)(-0.0773603,0.386183,1.38027)(-0.0677712,0.269546,1.51921)(-0.0574948,0.222355,1.58124)(0.29075,0.426349,1.2578)(0.360537,0.304082,1.34702)(0.406478,0.172093,1.44736)(0.417408,0.102172,1.47412)(0.0879214,0.293432,1.40602)(0.0993786,0.0155213,1.43735)(-0.079536,0.0993283,1.64198)(-0.0359914,0.0723812,1.58536)(0.190267,0.281679,1.39114)(0.134352,-0.00497897,1.4692)(0.124403,-0.0303785,1.42635)(0.159688,-0.0452836,1.39573)End frame 105;
At time 1414671135
Begin frame 106:
(0.151329,0.350109,1.3535)(0.156123,0.365517,1.34131)(0.184347,0.446686,1.28099)(0.092694,0.462004,1.15702)(-0.00348003,0.474593,1.30013)(-0.0696508,0.40095,1.41671)(-0.0743764,0.285732,1.5288)(-0.0649308,0.236263,1.58244)(0.291097,0.433924,1.25472)(0.358819,0.308715,1.34899)(0.395501,0.168536,1.44059)(0.401691,0.0961188,1.45377)(0.0889042,0.301122,1.40266)(0.0863816,0.0119897,1.40219)(-0.0574106,0.0858105,1.6225)(-0.0191823,0.0607574,1.56429)(0.190779,0.291042,1.38808)(0.166988,0.0198232,1.43185)(0.122926,-0.0246475,1.42448)(0.145584,-0.0568979,1.39749)End frame 106;
At time 1414671135
Begin frame 107:
(0.152306,0.356474,1.35173)(0.157071,0.371846,1.33955)(0.183416,0.452845,1.27862)(0.0940144,0.471415,1.15485)(-0.00453488,0.480673,1.29704)(-0.0977531,0.434785,1.39325)(-0.0856691,0.321712,1.50881)(-0.0729645,0.268129,1.5643)(0.290676,0.440516,1.25312)(0.357716,0.314205,1.35086)(0.385161,0.163743,1.4252)(0.387083,0.0968206,1.4078)(0.089778,0.306951,1.39966)(0.0735123,0.016263,1.3777)(-0.0393773,0.0749356,1.6056)(-0.00789315,0.0540796,1.54317)(0.191216,0.29747,1.38565)(0.215597,0.0316204,1.39384)(0.100711,-0.038231,1.4261)(0.140925,-0.0582429,1.39558)End frame 107;
At time 1414671135
Begin frame 108:
(0.15308,0.360827,1.35031)(0.157812,0.376217,1.33802)(0.182284,0.456966,1.27627)(0.0952414,0.479014,1.1534)(-0.00565105,0.484595,1.29579)(-0.123176,0.473948,1.3687)(-0.0944265,0.358718,1.48483)(-0.0794589,0.302679,1.5405)(0.289423,0.446813,1.25418)(0.35734,0.318797,1.35221)(0.374827,0.153401,1.38138)(0.373145,0.0937229,1.34778)(0.0906302,0.311137,1.39678)(0.0623295,0.0273749,1.35416)(-0.0301541,0.0734928,1.59365)(0.00237849,0.0539568,1.52134)(0.191731,0.301994,1.38359)(0.228183,0.0391783,1.3783)(0.0749803,-0.0483607,1.41336)(0.117282,-0.0545493,1.36086)End frame 108;
At time 1414671135
Begin frame 109:
(0.154602,0.363606,1.34732)(0.159115,0.37886,1.33528)(0.182631,0.457303,1.27385)(0.0970652,0.482851,1.15242)(-0.0053431,0.4879,1.29419)(-0.128576,0.492931,1.35496)(-0.0960147,0.375577,1.47359)(-0.0818799,0.322058,1.52687)(0.288645,0.452827,1.25813)(0.36321,0.325038,1.35078)(0.371814,0.14925,1.33593)(0.368813,0.0960221,1.29284)(0.0920153,0.313837,1.39159)(0.0412757,0.0455226,1.31366)(-0.0238838,0.0782204,1.5653)(0.007832,0.0591822,1.48143)(0.192899,0.305381,1.37966)(0.236363,0.0422358,1.36766)(0.059496,-0.0503575,1.40435)(0.0896217,-0.0454353,1.32692)End frame 109;
At time 1414671135
Begin frame 110:
(0.19444,0.352104,1.35291)(0.209266,0.369079,1.34639)(0.306085,0.45193,1.32519)(0.205257,0.493097,1.19946)(0.0986947,0.501561,1.33846)(-5.96587e-005,0.44645,1.42689)(-0.0796749,0.34359,1.50607)(-0.0904698,0.319783,1.52958)(0.390757,0.354463,1.33335)(0.317988,0.320642,1.36175)(0.364225,0.15735,1.28795)(0.367805,0.10782,1.24399)(0.0973674,0.315274,1.38454)(0.0374717,0.051895,1.26984)(-0.0196347,0.0830036,1.51958)(0.0107054,0.0611961,1.43337)(0.197829,0.30102,1.37081)(0.240725,0.0421986,1.35869)(0.0508088,-0.0511517,1.39889)(0.0753722,-0.0401597,1.31112)End frame 110;
At time 1414671135
Begin frame 111:
(0.21166,0.346315,1.3543)(0.235615,0.362915,1.35156)(0.348359,0.452418,1.34201)(0.272423,0.498916,1.2292)(0.162656,0.509259,1.36633)(0.0246454,0.448885,1.43779)(-0.0721429,0.331602,1.5178)(-0.0966918,0.313045,1.53363)(0.411721,0.341045,1.34594)(0.305171,0.402894,1.32118)(0.356252,0.231025,1.24879)(0.382673,0.110024,1.19744)(0.10337,0.316111,1.37566)(0.0541339,0.0500958,1.22125)(-0.0042006,0.0907143,1.46005)(0.0258258,0.0641226,1.37983)(0.201364,0.29519,1.36002)(0.24255,0.0419774,1.35018)(0.0466296,-0.052487,1.38491)(0.0698436,-0.0345897,1.29155)End frame 111;
At time 1414671136
Begin frame 112:
(0.219802,0.343449,1.35369)(0.246132,0.36059,1.35286)(0.372874,0.451462,1.35256)(0.296299,0.501216,1.23982)(0.185856,0.512284,1.37648)(0.0534131,0.435426,1.45452)(-0.0669877,0.327887,1.52044)(-0.0986139,0.312842,1.53254)(0.428076,0.327795,1.35422)(0.297875,0.442705,1.30953)(0.353773,0.279274,1.21601)(0.39813,0.124561,1.14997)(0.109762,0.315764,1.36175)(0.0666344,0.0510862,1.18437)(0.00488749,0.100192,1.41852)(0.032051,0.0689253,1.35041)(0.204646,0.288152,1.3434)(0.22069,0.0316796,1.33273)(0.0970533,0.144646,1.34424)(0.0872945,0.0720158,1.27443)End frame 112;
At time 1414671136
Begin frame 113:
(0.223247,0.340641,1.34763)(0.251482,0.358769,1.35059)(0.37922,0.451744,1.35545)(0.311529,0.503074,1.2464)(0.200513,0.514648,1.38263)(0.0634457,0.430394,1.45962)(-0.0620602,0.326167,1.51815)(-0.0991461,0.312212,1.53022)(0.421747,0.331265,1.33783)(0.33222,0.490325,1.28565)(0.368948,0.324995,1.19455)(0.406645,0.142347,1.11855)(0.114469,0.315027,1.34268)(0.0702683,0.0564083,1.1529)(0.0072569,0.11059,1.38263)(0.0292357,0.083563,1.30555)(0.205263,0.28297,1.32511)(0.207226,0.0255773,1.32209)(0.294038,0.11181,1.32099)(0.245842,0.0950459,1.25867)End frame 113;
At time 1414671136
Begin frame 114:
(0.221171,0.337917,1.32999)(0.249899,0.356864,1.33862)(0.377279,0.454456,1.35234)(0.317245,0.504686,1.24818)(0.206964,0.516398,1.3848)(0.0617857,0.425889,1.45444)(-0.0580389,0.325886,1.51309)(-0.0972072,0.310811,1.52467)(0.418166,0.348097,1.31735)(0.352814,0.521975,1.28179)(0.376028,0.356857,1.18642)(0.408983,0.165542,1.09025)(0.118352,0.312224,1.31337)(0.0711799,0.0611626,1.12831)(0.00679174,0.119064,1.35434)(0.0247257,0.0934094,1.27487)(0.20636,0.280583,1.30394)(0.197316,0.0216491,1.31252)(0.379691,0.127397,1.30756)(0.325268,0.104645,1.25158)End frame 114;
At time 1414671136
Begin frame 115:
(0.217098,0.337125,1.30874)(0.244657,0.356579,1.32128)(0.369543,0.461976,1.34084)(0.312088,0.508448,1.24123)(0.203402,0.519752,1.37904)(0.0569293,0.425083,1.44015)(-0.051527,0.330301,1.48937)(-0.0931646,0.309448,1.51431)(0.411252,0.365363,1.29791)(0.363742,0.535101,1.25561)(0.379272,0.370439,1.17359)(0.408454,0.183405,1.0724)(0.120455,0.310322,1.29275)(0.0694068,0.0663383,1.10905)(0.00416069,0.12616,1.33264)(0.0197103,0.10053,1.25424)(0.207431,0.280358,1.28365)(0.191493,0.0193939,1.30476)(0.416642,0.122189,1.30439)(0.358511,0.106094,1.24834)End frame 115;
At time 1414671136
Begin frame 116:
(0.215275,0.337341,1.29626)(0.242148,0.356941,1.31106)(0.364667,0.468272,1.33227)(0.307504,0.512795,1.23375)(0.199833,0.523666,1.37237)(0.0504435,0.428108,1.422)(-0.0484303,0.332557,1.47544)(-0.0883752,0.308126,1.49849)(0.410911,0.373062,1.29034)(0.338782,0.504735,1.22569)(0.374357,0.352858,1.14744)(0.404813,0.200316,1.05977)(0.122127,0.309823,1.28009)(0.0667022,0.0723672,1.09135)(0.000826174,0.132692,1.31414)(0.015417,0.106375,1.23776)(0.208508,0.280824,1.2724)(0.186829,0.018087,1.29629)(0.394127,0.0824798,1.30624)(0.37521,0.0993137,1.2448)End frame 116;
At time 1414671136
Begin frame 117:
(0.21312,0.334204,1.2745)(0.238536,0.352624,1.29181)(0.357796,0.464236,1.31561)(0.299041,0.50992,1.2186)(0.191991,0.52047,1.3577)(0.040197,0.427077,1.40027)(-0.0464947,0.334359,1.45787)(-0.0829721,0.307169,1.47778)(0.410479,0.375708,1.28265)(0.346312,0.508399,1.22159)(0.374012,0.355378,1.13779)(0.396912,0.217185,1.04818)(0.122406,0.306447,1.25824)(0.0641672,0.0765972,1.07659)(-0.00236779,0.137345,1.29905)(0.0120365,0.1101,1.2247)(0.210074,0.279642,1.25312)(0.181951,0.0159749,1.28248)(0.390442,0.074054,1.29162)(0.372392,0.0856021,1.23635)End frame 117;
At time 1414671136
Begin frame 118:
(0.211576,0.331914,1.26153)(0.23612,0.349237,1.28005)(0.35326,0.459641,1.30363)(0.291724,0.50602,1.20546)(0.184952,0.516269,1.34469)(0.0332851,0.423298,1.38338)(-0.0454723,0.331871,1.43809)(-0.0781371,0.301375,1.45397)(0.410013,0.37646,1.27584)(0.347952,0.500339,1.21736)(0.370918,0.351122,1.12567)(0.385631,0.232032,1.03573)(0.121931,0.304585,1.24602)(0.0615802,0.0791864,1.06468)(-0.00552961,0.140407,1.28691)(0.0091064,0.112196,1.21439)(0.210616,0.278401,1.24147)(0.178148,0.0135882,1.26789)(0.389005,0.0647968,1.27486)(0.358845,0.0716243,1.22324)End frame 118;
At time 1414671136
Begin frame 119:
(0.208301,0.325876,1.24016)(0.231624,0.341911,1.2609)(0.34698,0.452975,1.28889)(0.282861,0.500564,1.18993)(0.176179,0.510528,1.32911)(0.0268252,0.418383,1.36834)(-0.0458731,0.327574,1.42089)(-0.0755396,0.294961,1.43518)(0.408058,0.374492,1.26646)(0.34903,0.492922,1.21164)(0.362414,0.345627,1.10594)(0.369762,0.245583,1.01972)(0.118823,0.296362,1.22012)(0.0596035,0.0778171,1.05176)(-0.00824258,0.140575,1.27519)(0.00737986,0.112024,1.2056)(0.209826,0.273832,1.22159)(0.168762,0.00620435,1.2415)(0.352641,0.0512643,1.25822)(0.310905,0.0538184,1.20837)End frame 119;
At time 1414671136
Begin frame 120:
(0.123705,0.335284,1.23868)(0.108889,0.35539,1.26856)(-0.0044564,0.481254,1.33548)(-0.0387408,0.523097,1.21908)(-0.0267672,0.404173,1.37615)(-0.00830296,0.306266,1.4014)(-0.0693316,0.347381,1.36645)(-0.0743047,0.37391,1.26423)(0.355225,0.430981,1.24387)(0.366076,0.404541,1.15894)(0.346996,0.290645,1.04348)(0.348548,0.256096,0.999058)(0.0948084,0.284204,1.20269)(0.0585275,0.0638293,1.03278)(-0.0107718,0.1332,1.26043)(0.00735284,0.0970711,1.18662)(0.209505,0.273313,1.21209)(0.162568,0.00081902,1.22213)(0.316717,0.0764722,1.21753)(0.267389,0.0747328,1.17017)End frame 120;
At time 1414671136
Begin frame 121:
(0.0809265,0.335297,1.23107)(0.0633177,0.354297,1.26203)(-0.062019,0.479064,1.33173)(-0.137177,0.524376,1.22026)(-0.0742547,0.377987,1.37494)(-0.0233219,0.257365,1.38129)(-0.0777168,0.356499,1.35188)(-0.0756804,0.416944,1.16381)(0.321386,0.458934,1.22199)(0.371084,0.361295,1.11791)(0.325519,0.255308,0.981306)(0.328445,0.262653,0.975391)(0.0818575,0.275457,1.191)(0.0582323,0.0558666,1.02356)(-0.0123147,0.127016,1.25093)(0.00726687,0.092124,1.17921)(0.208739,0.273722,1.20205)(-0.00071091,0.149685,1.15687)(0.237039,0.108766,1.17874)(0.187347,0.101343,1.12553)End frame 121;
At time 1414671136
Begin frame 122:
(0.0602537,0.332905,1.22324)(0.0362584,0.352147,1.25596)(-0.0940527,0.471125,1.32664)(-0.205619,0.523258,1.21975)(-0.101182,0.360994,1.37255)(-0.0302294,0.225989,1.36674)(-0.0829053,0.361372,1.34114)(-0.0769032,0.43545,1.1165)(0.296114,0.464435,1.19076)(0.373897,0.339039,1.09067)(0.304975,0.238832,0.933439)(0.306734,0.268722,0.945712)(0.0711914,0.267433,1.17846)(0.0605128,0.0470852,1.01777)(-0.0118679,0.11966,1.24403)(0.0103032,0.0825027,1.17313)(0.205881,0.273743,1.18787)(-0.0400374,0.177892,1.12906)(0.19228,0.126433,1.14969)(0.154434,0.111571,1.10147)End frame 122;
At time 1414671136
Begin frame 123:
(0.0507143,0.31489,1.19428)(0.0293649,0.337191,1.23025)(-0.101251,0.460586,1.30822)(-0.212849,0.514783,1.20786)(-0.102014,0.353606,1.35525)(-0.0334639,0.210621,1.35247)(-0.0865957,0.364172,1.33119)(-0.0775268,0.44493,1.08841)(0.253045,0.442352,1.13278)(0.383304,0.353152,1.08519)(0.303021,0.269107,0.934882)(0.284224,0.275208,0.909052)(0.061769,0.258392,1.15995)(0.0637635,0.0284138,1.00958)(-0.0221267,0.107896,1.22834)(0.00351395,0.0705789,1.15839)(0.19493,0.265701,1.15848)(-0.0591138,0.194894,1.1196)(0.177429,0.115049,1.12262)(0.134129,0.109054,1.07846)End frame 123;
At time 1414671136
Begin frame 124:
(0.0523185,0.295518,1.16397)(0.0309118,0.320518,1.20069)(-0.10623,0.448659,1.28358)(-0.217876,0.501815,1.18407)(-0.100394,0.345724,1.33067)(-0.0350816,0.203578,1.3271)(-0.0886652,0.364811,1.31859)(-0.0788201,0.444931,1.0688)(0.223353,0.41552,1.08381)(0.380523,0.367926,1.07259)(0.294688,0.288657,0.915904)(0.263194,0.282023,0.869426)(0.055448,0.247414,1.13808)(0.0653387,0.018009,1.00444)(-0.0286888,0.100163,1.21782)(0.000230723,0.0642381,1.15)(0.181949,0.252681,1.12357)(-0.0901468,0.21901,1.09888)(0.162341,0.116356,1.10639)(0.122843,0.105827,1.06104)End frame 124;
At time 1414671136
Begin frame 125:
(0.0592669,0.276506,1.12944)(0.0420776,0.303217,1.16523)(-0.108752,0.434875,1.24895)(-0.20962,0.484262,1.14552)(-0.0988819,0.33591,1.30153)(-0.0350343,0.201809,1.30879)(-0.0881354,0.360626,1.29474)(-0.0802268,0.435827,1.05611)(0.205648,0.390907,1.0429)(0.370346,0.386558,1.03646)(0.282024,0.302089,0.890136)(0.24647,0.285259,0.837317)(0.0523747,0.234197,1.10886)(0.0656132,0.011917,0.999876)(-0.0340791,0.0950647,1.20895)(-0.00163247,0.0609426,1.14452)(0.173787,0.24119,1.09491)(-0.0638494,0.192184,1.08864)(0.162363,0.110141,1.09084)(0.120416,0.0997562,1.04234)End frame 125;
At time 1414671136
Begin frame 126:
(0.0682468,0.249122,1.08921)(0.0557592,0.280509,1.12438)(-0.100548,0.42235,1.21645)(-0.186339,0.470679,1.11286)(-0.0761121,0.328252,1.26303)(-0.0330209,0.198966,1.29308)(-0.0799496,0.345797,1.25448)(-0.0801327,0.421808,1.04421)(0.172444,0.358112,0.995219)(0.340724,0.400792,1.00939)(0.266826,0.313898,0.864978)(0.258355,0.278587,0.847088)(0.0527137,0.213321,1.07707)(0.0658401,0.00584146,0.992486)(-0.0381476,0.0903181,1.19936)(-0.0029743,0.0581624,1.13807)(0.159501,0.221521,1.05711)(-0.0672006,0.16141,1.05007)(0.169916,0.0963854,1.06673)(0.124948,0.088061,1.01382)End frame 126;
At time 1414671136
Begin frame 127:
(0.0706309,0.234717,1.06647)(0.0610609,0.267516,1.09918)(-0.0785995,0.410811,1.18356)(-0.169687,0.460176,1.08596)(-0.0623121,0.346521,1.21231)(-0.0347635,0.228968,1.26447)(-0.0787772,0.338088,1.18044)(-0.0796447,0.411183,1.03269)(0.139962,0.338384,0.955637)(0.282432,0.277965,1.02044)(0.227132,0.221755,0.859787)(0.229302,0.175852,0.846741)(0.0515478,0.201563,1.0579)(0.0640268,0.00077877,0.982973)(-0.0438675,0.0849728,1.18518)(-0.0060491,0.0549827,1.1267)(0.145846,0.20848,1.03112)(-0.0717795,0.147249,1.03287)(0.171366,0.0837986,1.05146)(0.124942,0.0771833,0.99547)End frame 127;
At time 1414671136
Begin frame 128:
(0.07203,0.221051,1.04457)(0.0643295,0.255446,1.07657)(-0.0687761,0.404716,1.16289)(-0.158023,0.453091,1.06446)(-0.0517644,0.340944,1.19003)(-0.0348951,0.230639,1.25534)(-0.0714955,0.328116,1.15394)(-0.0782248,0.398568,1.0212)(0.136984,0.323371,0.942586)(0.259213,0.242868,1.00432)(0.205057,0.161358,0.853023)(0.217315,0.108815,0.848212)(0.0497295,0.184633,1.0325)(0.0606983,-0.0102995,0.960187)(-0.049557,0.0731744,1.15924)(-0.00951013,0.0463451,1.10223)(0.139064,0.197783,1.01232)(-0.07147,0.124805,1.01458)(0.171998,0.0733326,1.03921)(0.124794,0.067874,0.980872)End frame 128;
At time 1414671136
Begin frame 129:
(0.0712014,0.209385,1.02438)(0.0652894,0.245644,1.05592)(-0.0636854,0.400812,1.14878)(-0.150481,0.448263,1.04841)(-0.0471423,0.341799,1.17373)(-0.0197909,0.232159,1.21611)(-0.0698904,0.325547,1.13869)(-0.076061,0.391493,1.00676)(0.121613,0.297868,0.91419)(0.246932,0.186479,0.985978)(0.214031,0.0859793,0.839532)(0.230691,0.0342964,0.838502)(0.0482917,0.175099,1.01777)(0.0584489,-0.0189219,0.935612)(-0.0526217,0.0643399,1.13431)(-0.0117034,0.0386877,1.0768)(0.129249,0.18178,0.982588)(-0.0745059,0.114109,1.00275)(0.169471,0.0619616,1.02607)(0.122503,0.0575588,0.965196)End frame 129;
At time 1414671136
Begin frame 130:
(0.0704878,0.200024,1.00527)(0.0658397,0.238379,1.03591)(-0.0607786,0.398875,1.13623)(-0.145066,0.445417,1.03456)(-0.0444168,0.342545,1.16306)(-0.0136277,0.235628,1.2035)(-0.0690439,0.323631,1.1271)(-0.073527,0.387297,0.996135)(0.105615,0.29711,0.886913)(0.230861,0.168241,0.966669)(0.212902,0.0551628,0.828641)(0.231394,0.00346181,0.82935)(0.0479386,0.167397,1.00383)(0.0645141,-0.0269969,0.912911)(-0.0466777,0.0560275,1.11198)(-0.00412843,0.0342204,1.05305)(0.12384,0.174615,0.966635)(-0.0793809,0.105751,0.985965)(0.164903,0.0514795,1.00635)(0.118949,0.0482471,0.942839)End frame 130;
At time 1414671136
Begin frame 131:
(0.0674881,0.211744,0.941335)(0.0754513,0.233956,0.958076)(0.046879,0.274941,0.939661)(0.0360666,0.368409,0.873815)(-0.055361,0.389226,1.10756)(-0.0231166,0.262439,1.02917)(-0.0310376,0.202401,1.00491)(-0.0243108,0.174165,0.957357)(0.178773,0.197492,0.911327)(0.266572,0.106937,0.954861)(0.218834,0.0234857,0.816193)(0.236794,-0.0263677,0.817039)(0.027071,0.168784,0.97157)(0.261573,0.157301,0.951624)(0.127014,0.21298,1.14301)(0.165104,0.186295,1.08223)(0.119272,0.140178,0.938289)(-0.0789997,0.0480721,0.949828)(0.169781,0.0197901,0.972736)(0.126325,0.0199975,0.907408)End frame 131;
At time 1414671136
Begin frame 132:
(0.0634468,0.222108,0.904013)(0.0796892,0.232417,0.909977)(0.0721232,0.244121,0.885601)(0.0837515,0.348057,0.828334)(-0.0641698,0.419124,1.07688)(-0.0244283,0.273698,0.963018)(-0.00826813,0.13166,0.930905)(-0.00262507,0.0834388,0.934064)(0.177815,0.142433,0.890141)(0.289129,0.0334726,0.930997)(0.231313,0.164053,0.879549)(0.217873,0.176921,0.865842)(0.00122495,0.176247,0.942298)(0.2919,0.177598,0.934381)(0.183608,0.259838,1.13673)(0.223385,0.234774,1.07635)(0.112169,0.121485,0.920322)(-0.0894431,0.0327668,0.920155)(0.162504,0.0111744,0.945934)(0.121833,0.010141,0.878475)End frame 132;
At time 1414671136
Begin frame 133:
(0.0514481,0.144015,0.890526)(0.0604744,0.158206,0.897725)(0.065314,0.224129,0.86733)(0.0327458,0.348719,0.860562)(-0.01722,0.181353,0.916521)(-0.0364845,0.0963057,0.852823)(0.0895167,0.0801262,0.853213)(0.106733,0.111513,0.877948)(0.148656,0.123773,0.877017)(0.28999,0.0117275,0.919135)(0.267678,0.194633,0.884915)(0.263485,0.220122,0.912326)(-0.00659836,0.118121,0.916616)(0.307891,0.221243,0.930213)(0.200465,0.303002,1.13323)(0.198408,0.253751,1.08246)(0.0978274,0.0799829,0.893772)(-0.103791,0.0161544,0.900028)(0.148965,0.00107555,0.917754)(0.120715,-0.00839557,0.852872)End frame 133;
At time 1414671136
Begin frame 134:
(0.0407543,0.0915396,0.872938)(0.0476257,0.112173,0.8806)(0.0453289,0.222205,0.863161)(0.0155181,0.350745,0.868277)(-0.018233,0.157971,0.86865)(-0.0275085,0.0243279,0.802663)(0.138518,0.0843245,0.82834)(0.146611,0.118593,0.853045)(0.129653,0.119982,0.866915)(0.264575,0.0523475,0.865748)(0.289447,0.240219,0.892972)(0.290276,0.290667,0.917343)(-0.014481,0.0540187,0.889645)(0.270875,0.180073,0.91437)(0.164371,0.261896,1.11744)(0.198576,0.214476,1.07225)(0.0892716,0.0513136,0.880606)(-0.11428,0.00679329,0.887669)(0.138097,-0.00471512,0.898059)(0.117708,-0.0191651,0.835821)End frame 134;
At time 1414671136
Begin frame 135:
(0.00528477,0.0692018,0.86442)(0.0111413,0.0914656,0.876447)(0.0258339,0.221281,0.861683)(0.013382,0.350011,0.862195)(-0.0175032,0.119066,0.839612)(-0.0275054,0.00834757,0.806255)(0.157964,0.0642697,0.807255)(0.158784,0.118491,0.835764)(0.119093,0.112839,0.856275)(0.245593,0.0402915,0.838458)(0.310956,0.209738,0.858238)(0.33107,0.277926,0.880643)(-0.0363036,0.0375602,0.882301)(0.239994,0.158674,0.91533)(0.133941,0.240308,1.11826)(0.169606,0.187489,1.07723)(0.0459457,0.0293796,0.850362)(0.211463,0.0927842,0.853173)(0.362641,0.0691109,0.853097)(0.306574,0.021446,0.831583)End frame 135;
At time 1414671136
Begin frame 136:
(-0.0498022,0.106647,0.894792)(-0.0423315,0.125417,0.905292)(-0.0151272,0.233081,0.87478)(-0.00652456,0.357625,0.86787)(-0.0496944,0.117822,0.85612)(-0.0348091,0.0260302,0.815562)(0.028555,0.198467,0.813718)(0.0674404,0.227749,0.815128)(0.105496,0.117684,0.852331)(0.00423878,0.0889776,0.835128)(0.00279374,0.275772,0.854357)(0.0413617,0.338345,0.862937)(-0.103069,0.0733321,0.901039)(0.208863,0.143002,0.921564)(0.103118,0.224647,1.12417)(0.0944564,0.1984,1.06868)(-0.00688819,0.0723934,0.886989)(0.173745,0.212064,0.897583)(0.361528,0.207401,0.892551)(0.308107,0.18505,0.871757)End frame 136;
At time 1414671136
Begin frame 137:
(0,0,0)(0,0,0)(-0.0478513,0.224254,0.87753)(-0.0347188,0.356282,0.873365)(-0.0678749,0.0950412,0.846851)(-0.0320722,-0.0146574,0.777011)(0.0138456,0.20234,0.802797)(0.0215323,0.251293,0.815871)(0.0891345,0.116748,0.846716)(-0.0684542,0.0958607,0.820338)(-0.0342676,0.297066,0.84491)(-0.0269763,0.368634,0.84764)(0,0,0)(0,0,0)(-0.130355,0.224895,1.12881)(-0.0924594,0.217788,1.06603)(0,0,0)(0,0,0)(-0.00948604,0.197101,0.839483)(-0.00721597,0.141617,0.848953)End frame 137;
At time 1414671136
Begin frame 138:
(-0.0654321,0.324502,1.03868)(-0.0657494,0.331886,1.01716)(-0.0731039,0.279566,0.961229)(-0.072773,0.401417,0.943442)(-0.103262,0.159708,0.942422)(-0.0546687,0.0618333,0.840944)(-0.0355263,0.26603,0.815924)(0.00475322,0.288106,0.808045)(0.0581602,0.169749,0.905947)(-0.131617,0.171054,0.901439)(-0.0901061,0.32654,0.843126)(-0.0959415,0.388586,0.824125)(-0.0209797,0.104492,0.473625)(-0.00674714,0.0336051,0.169111)(-0.0512683,0.11411,0.474189)(-0.0481607,0.0565512,0.491803)(-0.0438002,0.172209,0.737351)(0.0352709,0.257903,0.922096)(0.166477,0.288215,0.911175)(0.121238,0.240574,0.900923)End frame 138;
At time 1414671136
Begin frame 139:
(0,0,0)(0,0,0)(-0.0921718,0.244081,0.949022)(-0.0939636,0.389854,0.948954)(-0.118242,0.146952,0.943342)(-0.0638179,0.0344265,0.816823)(-0.0646677,0.219773,0.820766)(-0.0407761,0.262887,0.806049)(0.0413748,0.16438,0.908309)(-0.152942,0.155926,0.896277)(-0.122426,0.302619,0.887455)(-0.0845815,0.336341,0.831847)(0,0,0)(-0.015874,0.066791,0.293956)(-0.143577,0.389085,0.984962)(-0.123568,0.346239,0.977691)(0,0,0)(0.0170662,0.122602,0.359626)(0.192093,0.139165,0.391725)(0.154452,0.148488,0.459219)End frame 139;
At time 1414671136
Begin frame 140:
(0,0,0)(0,0,0)(-0.113463,0.241493,0.908342)(-0.105457,0.379096,0.958142)(-0.141447,0.147653,0.928282)(-0.0937078,0.0336279,0.77537)(-0.115453,0.216067,0.82494)(-0.0674289,0.238924,0.798735)(0.0157257,0.156826,0.874174)(-0.175196,0.159077,0.870619)(-0.136954,0.27139,0.859715)(-0.135559,0.328576,0.852495)(0,0,0)(-0.0162667,0.103085,0.365312)(-0.147477,0.448207,0.909157)(-0.139447,0.377103,0.883952)(0,0,0)(-0.0442741,0.0922202,0.365641)(0.139859,0.126149,0.316749)(0.103884,0.147563,0.390728)End frame 140;
