Hip Center	Spine	Shoulder Center	Head	Shoulder Left	Elbow Left	Wrist Left	Hand Left	Hip Left	Knee Left	Ankle Right	Foot Left	Hip Right	Knee Right	Ankle Right	Foot Right	
At time 1415093621 Begin frame 0: (0.270086,0.211885,2.00005)     (0.280736,0.239071,2.02093)     (0.284149,0.39453,2.01236)     (0.255024,0.553691,1.94271)     (0.117866,0.33466,2.06042)     (0.1293,0.16642,1.97066)     (0.0893105,0.149002,1.76938)     (0.00295135,0.157061,1.7509)     (0.383637,0.27889,1.94648)     (0.40957,0.171593,1.81269)     (0.287279,0.158978,1.64991)     (0.236249,0.125849,1.62552)     (0.205345,0.160236,2.01387)     (-0.0147938,0.384375,2.1041)     (-0.0373975,0.296524,1.75666)     (-0.0705668,0.302924,1.65451)     (0.324942,0.13514,1.97021)     (0.421057,0.0675227,1.65146)     (0.653579,0.122301,1.55474)     (0.543924,0.0754474,1.58771)     
End frame 0;
At time 1415093621 Begin frame 1: (0.270176,0.209146,2.00815)     (0.280271,0.23744,2.03095)     (0.280797,0.405913,2.03151)     (0.253047,0.562903,1.95963)     (0.110009,0.341048,2.07329)     (0.132436,0.163599,1.97899)     (0.0912682,0.146366,1.7748)     (0.00681983,0.155397,1.75747)     (0.383674,0.286535,1.95893)     (0.410898,0.174598,1.82963)     (0.291722,0.160896,1.66048)     (-0.120622,0.103691,1.15727)     (0.204989,0.156602,2.01886)     (-0.00863923,0.390613,2.11917)     (-0.0322654,0.301304,1.76859)     (-0.0622749,0.309435,1.67297)     (0.327666,0.131572,1.97913)     (0.413355,0.0757092,1.65067)     (0.650671,0.136378,1.56205)     (0.549653,0.0966944,1.60126)     
End frame 1;
At time 1415093621 Begin frame 2: (0.267872,0.208453,2.01857)     (0.276305,0.238576,2.04628)     (0.273077,0.43262,2.06645)     (0.247157,0.586046,1.99835)     (0.103319,0.348841,2.08936)     (0.134428,0.163767,1.98341)     (0.0921063,0.146186,1.77665)     (0.00825218,0.155434,1.75972)     (0.376488,0.307112,1.99609)     (0.405383,0.184388,1.85966)     (0.341726,0.118445,1.73145)     (0.268419,0.0902673,1.63966)     (0.203156,0.155289,2.02598)     (-0.0213273,0.37292,2.16128)     (-0.0273495,0.279422,1.80688)     (-0.0501122,0.289827,1.71775)     (0.326839,0.131314,1.98783)     (0.423764,0.0981038,1.66177)     (0.651221,0.135,1.54955)     (0.55579,0.103294,1.59882)     
End frame 2;
At time 1415093621 Begin frame 3: (0.240595,0.226352,2.05178)     (0.250128,0.258908,2.08243)     (0.258951,0.466493,2.10725)     (0.238586,0.618221,2.04506)     (0.0878491,0.36758,2.1209)     (0.137377,0.169278,1.99141)     (0.0924219,0.148619,1.77906)     (0.00892182,0.157206,1.76195)     (0.369913,0.330014,2.03723)     (0.402282,0.19814,1.8967)     (0.320633,0.142571,1.75095)     (0.194075,0.145955,1.59467)     (0.170989,0.171226,2.05336)     (-0.0542759,0.385278,2.20976)     (-0.0475802,0.287438,1.84922)     (-0.0593854,0.296269,1.75037)     (0.298994,0.151142,2.0203)     (0.454604,0.0926713,1.71641)     (0.647129,0.103807,1.53705)     (0.552776,0.0909285,1.5864)     
End frame 3;
At time 1415093621 Begin frame 4: (0.233389,0.239016,2.07335)     (0.240474,0.273443,2.10717)     (0.242836,0.498249,2.14746)     (0.230194,0.653628,2.09512)     (0.0757991,0.381502,2.14376)     (0.144002,0.17849,2.00087)     (0.0938556,0.152891,1.78114)     (0.0103937,0.160842,1.76392)     (0.363148,0.354873,2.07769)     (0.397662,0.211323,1.93072)     (0.357374,0.119994,1.80566)     (0.286568,0.124381,1.70534)     (0.165619,0.181238,2.06911)     (-0.0681452,0.390089,2.23318)     (-0.0520623,0.28749,1.86491)     (-0.0619316,0.298945,1.76819)     (0.298629,0.168018,2.04423)     (0.451221,0.0787705,1.73498)     (0.612835,0.0508907,1.50543)     (0.52548,0.0637461,1.56551)     
End frame 4;
At time 1415093621 Begin frame 5: (0.246573,0.280237,2.11409)     (0.247691,0.31303,2.14921)     (0.227626,0.520367,2.1804)     (0.222534,0.680453,2.13984)     (0.062505,0.393764,2.16684)     (0.147762,0.191537,2.0116)     (0.094207,0.160684,1.78445)     (0.0106447,0.167827,1.76698)     (0.35915,0.371749,2.1075)     (0.397833,0.225937,1.96595)     (0.37418,0.117555,1.83388)     (0.349546,0.125972,1.79113)     (0.185507,0.220273,2.10164)     (-0.0847144,0.390241,2.24566)     (-0.0619987,0.285921,1.87346)     (-0.0715409,0.298066,1.77735)     (0.323381,0.210722,2.08681)     (0.449643,0.0885381,1.76181)     (0.574011,0.105924,1.4976)     (0.500855,0.0836104,1.5609)     
End frame 5;
At time 1415093621 Begin frame 6: (0.19517,0.325363,2.17531)     (0.201524,0.354389,2.20711)     (0.21416,0.532015,2.20874)     (0.215903,0.693636,2.17329)     (0.0530462,0.400602,2.1836)     (0.149225,0.201701,2.02063)     (0.093517,0.167289,1.78724)     (0.00948329,0.17511,1.77008)     (0.356949,0.381601,2.12831)     (0.394338,0.234602,1.98953)     (0.316291,0.167056,1.82542)     (0.273344,0.177885,1.76321)     (0.115095,0.262424,2.16727)     (-0.172698,0.443862,2.26573)     (-0.148827,0.297666,1.88009)     (-0.161626,0.306015,1.7827)     (0.257159,0.255165,2.15272)     (0.455114,0.13608,1.86003)     (0.113373,0.190779,2.02367)     (0.160392,0.170432,1.9711)     
End frame 6;
At time 1415093621 Begin frame 7: (0.157305,0.345419,2.21376)     (0.167852,0.371887,2.24331)     (0.206384,0.536763,2.229)     (0.206932,0.698138,2.20172)     (0.0450359,0.403475,2.19679)     (0.132595,0.241231,2.08131)     (0.0814568,0.201729,1.84465)     (-0.0022769,0.215637,1.83197)     (0.345684,0.389798,2.15687)     (0.390904,0.240339,2.00786)     (0.375703,0.176733,1.8533)     (0.349391,0.175248,1.81919)     (0.0722992,0.281772,2.20499)     (-0.227937,0.471933,2.26302)     (-0.0745825,0.367557,2.00465)     (-0.0475269,0.354783,1.92304)     (0.212183,0.276181,2.19589)     (0.44696,0.167655,1.92929)     (0.0277003,0.202194,2.09463)     (0.110277,0.178288,2.01256)     
End frame 7;
At time 1415093621 Begin frame 8: (0.144261,0.353339,2.2348)     (0.156409,0.377656,2.26368)     (0.201436,0.529263,2.25285)     (0.19667,0.691089,2.22843)     (0.0366976,0.402993,2.2115)     (0.12467,0.26174,2.10844)     (0.0759693,0.218619,1.86942)     (-0.00808766,0.237974,1.86181)     (0.338512,0.391762,2.17294)     (0.382979,0.238432,2.0535)     (0.404069,0.184417,1.87164)     (0.368185,0.18063,1.83423)     (0.0561472,0.289857,2.22536)     (-0.249331,0.473474,2.24144)     (-0.294136,0.413457,1.9098)     (-0.254215,0.374637,1.82115)     (0.194553,0.283828,2.21935)     (0.461003,0.209428,1.98196)     (0.0307881,0.227516,2.15986)     (0.132623,0.204358,2.05511)     
End frame 8;
At time 1415093621 Begin frame 9: (0.12389,0.346005,2.24532)     (0.139544,0.364853,2.27536)     (0.196179,0.504535,2.28128)     (0.185826,0.669599,2.2555)     (0.021631,0.398043,2.23464)     (0.12003,0.277718,2.1285)     (0.0729044,0.231969,1.88838)     (-0.0111068,0.254245,1.88291)     (0.32733,0.378725,2.19033)     (0.374795,0.212801,2.12496)     (0.420607,0.18857,1.88818)     (0.378939,0.184077,1.84597)     (0.00962315,0.290317,2.24466)     (-0.307707,0.433681,2.13924)     (-0.280534,0.363339,1.90216)     (-0.259602,0.34951,1.80237)     (0.16658,0.260756,2.19975)     (0.475615,0.241776,2.00885)     (0.059305,0.254545,2.03249)     (0.137462,0.211298,1.91587)     
End frame 9;
At time 1415093621 Begin frame 10: (0.132703,0.338432,2.24936)     (0.140188,0.35603,2.28304)     (0.193258,0.489257,2.29651)     (0.180183,0.65102,2.26745)     (0.0207376,0.393613,2.24975)     (0.107391,0.275398,2.15285)     (0.0644667,0.232736,1.91262)     (-0.0185993,0.254079,1.90507)     (0.311858,0.366899,2.21448)     (0.373285,0.213404,2.14219)     (0.433697,0.186009,1.89512)     (0.389741,0.180719,1.84898)     (0.0558071,0.284493,2.23022)     (-0.255508,0.332206,2.05742)     (-0.357112,0.351733,1.82692)     (-0.3132,0.322055,1.72673)     (0.190224,0.267905,2.21406)     (0.49817,0.245363,2.01386)     (0.269883,0.0587511,2.04579)     (0.34424,0.0793102,1.93982)     
End frame 10;
At time 1415093621 Begin frame 11: (0.144917,0.293993,2.2469)     (0.150828,0.309302,2.28255)     (0.182619,0.445299,2.30761)     (0.17387,0.612935,2.27574)     (0.0235706,0.38207,2.26557)     (0.109923,0.244668,2.17836)     (0.066802,0.215439,1.93767)     (-0.0148976,0.23142,1.92861)     (0.296676,0.353279,2.23434)     (0.373229,0.215946,2.15112)     (0.444876,0.181993,1.90124)     (0.398713,0.17665,1.85136)     (0.0730041,0.24584,2.22465)     (-0.238368,0.31478,2.05817)     (-0.35696,0.3589,1.80402)     (-0.28309,0.333311,1.71443)     (0.200864,0.231771,2.21712)     (0.53092,0.283336,2.08407)     (0.560219,0.147736,1.85767)     (0.49716,0.154428,1.782)     
End frame 11;
At time 1415093621 Begin frame 12: (0.152984,0.272618,2.24833)     (0.15871,0.283161,2.28294)     (0.176476,0.417861,2.31213)     (0.169509,0.581048,2.27997)     (0.0292276,0.368577,2.284)     (0.113446,0.227041,2.19145)     (0.0699065,0.204042,1.95226)     (-0.0106234,0.216505,1.9417)     (0.284188,0.332818,2.25138)     (0.36973,0.215805,2.15372)     (0.452976,0.181701,1.90511)     (0.404656,0.176277,1.85364)     (0.0868482,0.229606,2.22134)     (-0.249315,0.26052,1.91796)     (-0.264104,0.367987,1.67128)     (-0.233131,0.324316,1.5877)     (0.211035,0.213989,2.22463)     (0.537876,0.281953,2.0936)     (0.619289,0.113674,1.83655)     (0.555543,0.138421,1.7448)     
End frame 12;
At time 1415093621 Begin frame 13: (0.156783,0.259881,2.25109)     (0.162315,0.268926,2.286)     (0.17369,0.399405,2.31476)     (0.167733,0.555976,2.28149)     (0.0664948,0.360571,2.30865)     (0.116405,0.215933,2.19906)     (0.0731479,0.196252,1.96133)     (-0.00555576,0.203725,1.94857)     (0.281331,0.308172,2.25911)     (0.372176,0.211181,2.14574)     (0.475403,0.181565,1.90162)     (0.422859,0.175678,1.84524)     (0.0935981,0.221397,2.22285)     (-0.241358,0.250009,1.87106)     (-0.236514,0.367418,1.61097)     (-0.199174,0.318958,1.53017)     (0.214843,0.202003,2.23112)     (0.531469,0.24486,2.0888)     (0.644577,0.0982209,1.79794)     (0.534644,0.158567,1.84272)     
End frame 13;
At time 1415093621 Begin frame 14: (0.158713,0.258286,2.25936)     (0.163893,0.263289,2.29087)     (0.171108,0.385701,2.31595)     (0.166867,0.542387,2.28298)     (0.0826554,0.357524,2.31898)     (0.12322,0.205623,2.20463)     (0.0795633,0.188305,1.96857)     (0.0026289,0.192171,1.95371)     (0.27838,0.296102,2.26419)     (0.375781,0.204126,2.13904)     (0.495429,0.185909,1.90373)     (0.44064,0.179221,1.84427)     (0.0919711,0.234299,2.23493)     (-0.240687,0.233261,1.84018)     (-0.28119,0.360172,1.60382)     (-0.262815,0.314147,1.55342)     (0.220765,0.205253,2.25429)     (0.519847,0.216375,2.08808)     (0.673463,0.102974,1.78908)     (0.617364,0.165352,1.83936)     
End frame 14;
At time 1415093621 Begin frame 15: (0.170944,0.259255,2.2631)     (0.170018,0.261566,2.29449)     (0.169541,0.37783,2.31674)     (0.16625,0.534201,2.28405)     (0.0906783,0.355891,2.32424)     (0.127829,0.198656,2.20753)     (0.0840104,0.182694,1.97271)     (0.00827949,0.184344,1.95624)     (0.276859,0.28898,2.26683)     (0.378608,0.198733,2.13338)     (0.511413,0.192812,1.91058)     (0.457326,0.185819,1.84926)     (0.114821,0.242543,2.23677)     (-0.229568,0.238853,1.85327)     (-0.441231,0.286075,1.84354)     (-0.393453,0.262127,1.75942)     (0.258786,0.205683,2.25435)     (0.535738,0.187841,2.05208)     (0.561549,0.247325,1.79565)     (0.501878,0.207339,1.76725)     
End frame 15;
At time 1415093621 Begin frame 16: (0.179483,0.26256,2.26481)     (0.17626,0.263973,2.29682)     (0.168822,0.373204,2.31693)     (0.166293,0.529618,2.28398)     (0.0844706,0.348112,2.32071)     (0.130702,0.194459,2.20913)     (0.0867593,0.179212,1.97526)     (0.011682,0.17983,1.95779)     (0.276547,0.284868,2.26742)     (0.381369,0.196125,2.12897)     (0.521451,0.214669,1.94439)     (0.470152,0.20641,1.8815)     (0.126165,0.246532,2.23597)     (-0.203211,0.304089,2.19384)     (-0.407493,0.28192,1.90304)     (-0.370034,0.259328,1.81853)     (0.268979,0.210632,2.2554)     (0.557417,0.293554,2.1223)     (0.695033,0.311637,1.78077)     (0.605818,0.271475,1.77786)     
End frame 16;
At time 1415093621 Begin frame 17: (0.186779,0.269471,2.26582)     (0.183098,0.272015,2.2986)     (0.168889,0.374411,2.31531)     (0.167395,0.53414,2.28265)     (0.0636974,0.34781,2.31303)     (0.132715,0.191763,2.20947)     (0.0887115,0.176799,1.97647)     (0.0145894,0.179078,1.95829)     (0.277615,0.286408,2.2647)     (0.388154,0.198846,2.12498)     (0.527226,0.228639,1.95617)     (0.542701,0.280883,1.84046)     (0.132559,0.24875,2.23553)     (-0.185963,0.325748,2.24615)     (-0.399473,0.291101,1.98439)     (-0.363757,0.271135,1.8999)     (0.275594,0.217511,2.25533)     (0.550318,0.29603,2.08082)     (0.639205,0.338039,1.7754)     (0.540276,0.257654,1.74514)     
End frame 17;
At time 1415093621 Begin frame 18: (0.195097,0.283629,2.26346)     (0.191711,0.287932,2.29706)     (0.168483,0.388476,2.31043)     (0.166248,0.554967,2.2791)     (0.0465811,0.349351,2.30516)     (0.13404,0.190664,2.20642)     (0.0899291,0.175156,1.97459)     (-0.131447,0.124836,1.18399)     (0.283387,0.307171,2.25674)     (0.396918,0.207602,2.12095)     (0.530915,0.237395,1.96201)     (0.577196,0.316798,1.82398)     (0.137439,0.250692,2.23424)     (-0.260621,0.282773,2.05305)     (-0.405177,0.277175,1.82326)     (-0.359514,0.256284,1.7422)     (0.288122,0.239787,2.24715)     (0.557569,0.300235,2.0516)     (0.629195,0.355153,1.76949)     (0.541686,0.273131,1.72728)     
End frame 18;
At time 1415093621 Begin frame 19: (0.200694,0.294187,2.25834)     (0.1975,0.29989,2.29305)     (0.166903,0.413185,2.30513)     (0.162351,0.582337,2.27352)     (0.0351976,0.351532,2.29797)     (0.133311,0.191298,2.19972)     (0.0894697,0.174561,1.96959)     (-0.148905,0.114285,1.08152)     (0.289062,0.328476,2.24877)     (0.418166,0.248544,2.13858)     (0.532584,0.281827,1.97827)     (0.59264,0.33374,1.81645)     (0.142847,0.252411,2.22947)     (-0.26142,0.283295,2.05465)     (-0.403437,0.277299,1.82428)     (-0.358391,0.256789,1.74344)     (0.293306,0.252777,2.23644)     (0.562492,0.299395,2.03578)     (0.620826,0.359178,1.76701)     (0.536278,0.274056,1.71976)     
End frame 19;
At time 1415093621 Begin frame 20: (0.204981,0.307206,2.24917)     (0.202073,0.316295,2.28425)     (0.163677,0.442873,2.29512)     (0.157259,0.605399,2.26748)     (0.0247543,0.355645,2.2897)     (0.132244,0.193269,2.19157)     (0.0885951,0.175013,1.96324)     (-0.161947,0.112987,1.02621)     (0.292653,0.343436,2.2419)     (0.428074,0.26995,2.14843)     (0.532923,0.3004,1.98498)     (0.595636,0.339151,1.81294)     (0.14832,0.255615,2.22041)     (-0.271893,0.283066,2.04986)     (-0.401967,0.273315,1.80575)     (-0.366275,0.253403,1.71957)     (0.295807,0.262503,2.22777)     (0.565979,0.297804,2.02722)     (0.616465,0.360386,1.76718)     (0.534055,0.276566,1.71683)     
End frame 20;
At time 1415093621 Begin frame 21: (0.206833,0.316518,2.24227)     (0.204003,0.327501,2.27788)     (0.162802,0.459786,2.28924)     (0.154478,0.619883,2.26334)     (0.0173401,0.371294,2.28097)     (0.0779346,0.22809,2.17897)     (-0.0841291,0.246791,2.03808)     (-0.147943,0.25135,1.91533)     (0.295339,0.355418,2.23561)     (0.422413,0.311377,2.12421)     (0.522745,0.329403,1.9603)     (0.599832,0.350429,1.79243)     (0.151488,0.259093,2.21323)     (-0.278113,0.277573,2.01867)     (-0.397639,0.27351,1.78778)     (-0.366143,0.252986,1.70017)     (0.29584,0.269226,2.22131)     (0.566881,0.300877,2.02169)     (0.611721,0.357569,1.76697)     (0.531936,0.277877,1.71559)     
End frame 21;
At time 1415093621 Begin frame 22: (0.206677,0.32189,2.23787)     (0.204046,0.334218,2.27389)     (0.161467,0.469798,2.2849)     (0.152945,0.628894,2.26018)     (0.0122075,0.377714,2.27515)     (0.0687028,0.247492,2.16977)     (-0.137053,0.280255,2.06856)     (-0.130118,0.259793,1.91549)     (0.297057,0.363116,2.23044)     (0.416624,0.331052,2.10706)     (0.519019,0.339865,1.95109)     (0.591736,0.347041,1.77259)     (0.152693,0.260813,2.20911)     (-0.280531,0.27546,2.0041)     (-0.394921,0.272945,1.77729)     (-0.36582,0.252154,1.68919)     (0.290609,0.272556,2.21627)     (0.564571,0.303524,2.01982)     (0.60612,0.351944,1.76925)     (0.529597,0.27686,1.71954)     
End frame 22;
At time 1415093621 Begin frame 23: (0.205577,0.325198,2.23453)     (0.203456,0.338481,2.27098)     (0.160618,0.47577,2.28182)     (0.151686,0.634896,2.25662)     (0.00812004,0.381567,2.27132)     (0.0617623,0.257321,2.16528)     (-0.164653,0.294045,2.08142)     (-0.129822,0.284923,2.06217)     (0.298224,0.368136,2.2259)     (0.406906,0.352972,2.06964)     (0.508466,0.337768,1.90871)     (0.580809,0.333186,1.75369)     (0.151766,0.261471,2.20593)     (-0.28243,0.27419,1.99535)     (-0.390648,0.271601,1.76975)     (-0.363879,0.250775,1.68123)     (0.28545,0.273433,2.21276)     (0.560735,0.305375,2.01916)     (0.601008,0.343058,1.77144)     (0.527605,0.272753,1.72414)     
End frame 23;
At time 1415093621 Begin frame 24: (0.200863,0.321102,2.22719)     (0.200329,0.337239,2.26501)     (0.160048,0.478771,2.27772)     (0.150634,0.63821,2.25121)     (0.00570544,0.383688,2.26834)     (0.057489,0.263104,2.16229)     (-0.179503,0.301,2.08748)     (-0.113242,0.274468,2.05767)     (0.29875,0.371281,2.22216)     (0.406738,0.343971,2.05156)     (0.493772,0.320161,1.85844)     (0.562841,0.304083,1.72086)     (0.148054,0.257611,2.20151)     (-0.269366,0.272872,2.00599)     (-0.37703,0.270026,1.7725)     (-0.35393,0.249134,1.68263)     (0.275443,0.264222,2.20502)     (0.552708,0.320474,2.03017)     (0.601062,0.331822,1.77988)     (0.533619,0.264825,1.74076)     
End frame 24;
At time 1415093621 Begin frame 25: (0.172372,0.306534,2.20757)     (0.177825,0.323041,2.24632)     (0.159635,0.476875,2.27114)     (0.150158,0.635101,2.23855)     (0.00467683,0.383676,2.26445)     (0.0559298,0.26665,2.15976)     (-0.173663,0.2969,2.08352)     (-0.102084,0.267047,2.05749)     (0.297973,0.372432,2.21769)     (0.405915,0.334262,2.04251)     (0.481422,0.300715,1.83146)     (0.55076,0.270227,1.69541)     (0.110781,0.246716,2.18192)     (-0.260369,0.272429,2.01568)     (-0.3664,0.26799,1.7712)     (-0.344828,0.247033,1.6812)     (0.231222,0.245193,2.18482)     (0.520785,0.302366,2.03742)     (0.558284,0.285907,1.79403)     (0.510386,0.239102,1.74465)     
End frame 25;
At time 1415093622 Begin frame 26: (0.160167,0.299175,2.19829)     (0.168244,0.316012,2.23731)     (0.160489,0.467132,2.25936)     (0.15017,0.628093,2.22449)     (0.00533205,0.380922,2.25918)     (0.0633107,0.268318,2.15816)     (-0.145452,0.287194,2.07588)     (-0.0819928,0.264991,2.06277)     (0.296309,0.371548,2.21297)     (0.402664,0.318313,2.03872)     (0.467582,0.267351,1.82133)     (0.533475,0.222184,1.67357)     (0.0934597,0.240741,2.17285)     (-0.257199,0.271803,2.01856)     (-0.330356,0.249102,1.76212)     (-0.31143,0.229827,1.67186)     (0.212049,0.23503,2.17367)     (0.497817,0.277273,2.02497)     (0.541317,0.261198,1.7904)     (0.519066,0.251927,1.71659)     
End frame 26;
At time 1415093622 Begin frame 27: (0.153788,0.293393,2.19183)     (0.162818,0.310016,2.23038)     (0.162517,0.458057,2.2485)     (0.150861,0.618544,2.20906)     (0.0080758,0.375824,2.25266)     (0.0747598,0.267454,2.15725)     (-0.126805,0.282272,2.10304)     (-0.0797748,0.27158,2.12432)     (0.293667,0.368428,2.20768)     (0.390915,0.312009,2.02964)     (0.459852,0.244765,1.81761)     (0.52299,0.189814,1.66479)     (0.0861695,0.237114,2.16803)     (-0.252296,0.270089,2.0211)     (-0.311394,0.240562,1.75794)     (-0.303924,0.23003,1.67019)     (0.203143,0.22971,2.16795)     (0.489054,0.265594,2.02)     (0.532105,0.246982,1.78834)     (0.520891,0.253922,1.70856)     
End frame 27;
At time 1415093622 Begin frame 28: (0.150229,0.289765,2.18738)     (0.159804,0.306233,2.22535)     (0.165729,0.448574,2.23616)     (0.152219,0.611223,2.19753)     (0.011859,0.369924,2.2456)     (0.0830849,0.264373,2.1558)     (-0.116508,0.279168,2.11989)     (-0.083242,0.268562,2.11992)     (0.292321,0.36604,2.20378)     (0.380203,0.304361,2.02386)     (0.4524,0.222879,1.82113)     (0.485117,0.179779,1.74204)     (0.0818212,0.234511,2.16479)     (-0.248741,0.26881,2.02311)     (-0.30109,0.235963,1.75571)     (-0.299272,0.231416,1.66972)     (0.19765,0.226407,2.16387)     (0.493834,0.303879,2.07428)     (0.567944,0.246776,2.35826)     (0.566262,0.238868,2.26564)     
End frame 28;
At time 1415093622 Begin frame 29: (0.148437,0.287259,2.18351)     (0.15836,0.303747,2.22077)     (0.169088,0.441782,2.22392)     (0.155289,0.604357,2.18372)     (0.0169569,0.36449,2.23684)     (0.0891542,0.259629,2.15386)     (-0.0647672,0.306615,2.17443)     (-0.0844918,0.321022,2.18596)     (0.294313,0.361781,2.1961)     (0.374406,0.298091,2.01843)     (0.442029,0.201808,1.82057)     (0.491423,0.132511,1.69887)     (0.0795414,0.232492,2.16216)     (-0.246142,0.267901,2.02448)     (-0.294621,0.233138,1.75417)     (-0.296875,0.23355,1.66991)     (0.195249,0.224003,2.1605)     (0.493409,0.308357,2.08288)     (0.548378,0.218042,2.398)     (0.556525,0.219778,2.29785)     
End frame 29;
At time 1415093622 Begin frame 30: (0.149592,0.285736,2.1776)     (0.159456,0.302261,2.21397)     (0.172833,0.438781,2.21381)     (0.158801,0.600521,2.17147)     (0.0212063,0.360932,2.22809)     (0.0965865,0.256964,2.15043)     (-0.0401133,0.320733,2.19635)     (-0.08381,0.357607,2.22382)     (0.300201,0.357035,2.18429)     (0.385377,0.264861,2.01718)     (0.438574,0.183613,1.82079)     (0.478361,0.124754,1.74003)     (0.079843,0.231003,2.15811)     (-0.189704,0.353376,2.16389)     (-0.175607,0.279937,1.86887)     (-0.183182,0.293163,1.79008)     (0.198474,0.22231,2.1547)     (0.507217,0.281598,2.06627)     (0.548731,0.196309,2.37808)     (0.547202,0.185348,2.28574)     
End frame 30;
At time 1415093622 Begin frame 31: (0.154023,0.286639,2.16767)     (0.163672,0.303456,2.20305)     (0.17884,0.440613,2.20143)     (0.163282,0.600807,2.15641)     (0.0259325,0.360235,2.21674)     (0.104964,0.257306,2.14174)     (-0.02539,0.329415,2.20446)     (-0.080691,0.371208,2.23226)     (0.309714,0.354555,2.1672)     (0.391215,0.250592,2.01462)     (0.439645,0.170948,1.82063)     (0.493946,0.0935044,1.70097)     (0.083025,0.230988,2.15141)     (-0.158985,0.393445,2.23067)     (-0.113911,0.304544,1.92519)     (-0.126201,0.32327,1.84734)     (0.205208,0.222713,2.14459)     (0.510892,0.242808,2.02878)     (0.591365,0.162842,1.8135)     (0.546779,0.113165,1.75259)     
End frame 31;
At time 1415093622 Begin frame 32: (0.160193,0.289591,2.15593)     (0.169668,0.307219,2.19046)     (0.18663,0.448109,2.18742)     (0.169543,0.604267,2.14153)     (0.0306791,0.362527,2.20176)     (-0.0449239,0.28039,2.12483)     (-0.0822563,0.378985,2.21722)     (-0.127578,0.425829,2.25182)     (0.319204,0.354765,2.1488)     (0.395838,0.253193,2.01315)     (0.439825,0.16544,1.82246)     (0.480394,0.115775,1.74966)     (0.0896345,0.233004,2.14026)     (-0.146367,0.409797,2.25635)     (0.0565612,0.31359,2.0175)     (0.0395611,0.307104,1.93414)     (0.211522,0.224232,2.13552)     (0.514684,0.226463,2.00709)     (0.599688,0.148993,1.85334)     (0.552955,0.10336,1.75376)     
End frame 32;
At time 1415093622 Begin frame 33: (0.171951,0.29942,2.13781)     (0.180122,0.317401,2.17236)     (0.195019,0.460361,2.17152)     (0.177627,0.611921,2.12533)     (0.0409577,0.37633,2.18086)     (-0.0755513,0.29009,2.12373)     (-0.0339612,0.426409,2.18441)     (-0.0480063,0.477706,2.21422)     (0.328619,0.361105,2.13276)     (0.369024,0.232079,2.04241)     (0.425898,0.153523,1.85362)     (0.441142,0.0974499,1.80484)     (0.111392,0.243622,2.11683)     (-0.145959,0.400684,2.2241)     (0.121154,0.286086,2.00125)     (0.0924647,0.271047,1.9144)     (0.220215,0.23218,2.12198)     (0.515409,0.219524,1.97543)     (0.608712,0.130749,1.70302)     (0.547548,0.0732842,1.65944)     
End frame 33;
At time 1415093622 Begin frame 34: (0.178103,0.305364,2.12711)     (0.186297,0.324721,2.16097)     (0.202872,0.473588,2.15665)     (0.185634,0.624809,2.10708)     (0.0499859,0.388217,2.16584)     (-0.0967121,0.296451,2.12067)     (-0.0287659,0.458446,2.17085)     (-0.0267527,0.506101,2.19703)     (0.336195,0.36942,2.11886)     (0.360287,0.22609,2.0517)     (0.219859,0.136729,1.96978)     (0.267081,0.0833626,1.91835)     (0.11907,0.248128,2.10761)     (-0.147663,0.390621,2.19227)     (0.121918,0.271814,1.97725)     (0.094709,0.254371,1.89105)     (0.225838,0.23858,2.11143)     (0.514855,0.218839,1.9608)     (0.608138,0.131174,1.67283)     (0.546537,0.0815421,1.65561)     
End frame 34;
At time 1415093622 Begin frame 35: (0.183238,0.311255,2.11677)     (0.19167,0.331669,2.15013)     (0.207574,0.483253,2.1456)     (0.190959,0.633223,2.09512)     (0.0543707,0.396436,2.15593)     (-0.0721134,0.296203,2.09508)     (-0.0346302,0.464473,2.1394)     (-0.0256255,0.516075,2.17367)     (0.341887,0.375811,2.10415)     (0.314897,0.235663,2.03613)     (0.169528,0.126426,2.00111)     (0.167597,0.0763231,1.97888)     (0.124783,0.2518,2.10002)     (-0.152634,0.372132,2.13748)     (0.127055,0.261079,1.94593)     (0.0990797,0.242285,1.86)     (0.229795,0.244573,2.10156)     (0.507696,0.226335,1.94061)     (0.602141,0.131899,1.65526)     (0.54232,0.0790507,1.63786)     
End frame 35;
At time 1415093622 Begin frame 36: (0.191578,0.320851,2.10317)     (0.199279,0.341121,2.137)     (0.211845,0.49151,2.13493)     (0.196275,0.641157,2.08373)     (0.0580621,0.405817,2.14599)     (-0.0626742,0.299838,2.08613)     (-0.0488951,0.463311,2.10615)     (-0.0417482,0.516738,2.1336)     (0.345598,0.382203,2.09356)     (0.337957,0.247588,2.02323)     (0.172244,0.139189,2.00426)     (0.133795,0.073602,1.99949)     (0.131816,0.258616,2.09042)     (-0.152382,0.356908,2.08597)     (0.134536,0.252101,1.91682)     (0.105325,0.23185,1.8309)     (0.241275,0.256824,2.08478)     (0.504066,0.23627,1.91436)     (0.60109,0.129982,1.62908)     (0.540939,0.0766583,1.6146)     
End frame 36;
At time 1415093622 Begin frame 37: (0.201763,0.329646,2.09007)     (0.207691,0.349528,2.12479)     (0.215312,0.498416,2.1254)     (0.200496,0.647439,2.07365)     (0.0609045,0.411452,2.13478)     (-0.0472843,0.298921,2.07565)     (-0.0560053,0.456358,2.06554)     (-0.0543351,0.510426,2.0815)     (0.348064,0.387493,2.0855)     (0.351186,0.253926,2.01735)     (0.171889,0.144015,2.00284)     (0.129516,0.0746622,1.99252)     (0.139653,0.265191,2.08076)     (-0.145548,0.342367,2.03164)     (0.137775,0.23873,1.86944)     (0.104755,0.218714,1.78346)     (0.262444,0.270135,2.06536)     (0.504338,0.238138,1.88262)     (0.598701,0.126361,1.59293)     (0.532644,0.0711046,1.58292)     
End frame 37;
At time 1415093622 Begin frame 38: (0.209968,0.338636,2.0794)     (0.214542,0.357412,2.11475)     (0.218154,0.503372,2.11789)     (0.203727,0.651542,2.06657)     (0.0635227,0.414922,2.12402)     (-0.0212355,0.294438,2.05552)     (-0.0599038,0.451041,2.04403)     (-0.0671848,0.498944,2.04448)     (0.349765,0.391624,2.0788)     (0.356167,0.256821,2.01348)     (0.167381,0.144984,2.00005)     (0.126952,0.0753536,1.98534)     (0.14551,0.275156,2.07142)     (-0.130246,0.294877,1.92406)     (0.153837,0.206507,1.79081)     (0.115938,0.19124,1.70792)     (0.275491,0.279316,2.05267)     (0.504921,0.239847,1.86331)     (0.590907,0.128134,1.59449)     (0.526667,0.0732564,1.56734)     
End frame 38;
At time 1415093622 Begin frame 39: (0.216733,0.342647,2.07085)     (0.220509,0.361481,2.10641)     (0.221259,0.507248,2.11039)     (0.206551,0.654561,2.06047)     (0.0670752,0.415738,2.11263)     (0.00614187,0.288231,2.03377)     (-0.0598878,0.443051,2.02792)     (-0.0723875,0.488181,2.02332)     (0.351388,0.39459,2.07244)     (0.360583,0.25901,2.00836)     (0.172111,0.148695,1.99357)     (0.137869,0.0773622,1.96908)     (0.151734,0.279747,2.06347)     (-0.123242,0.265757,1.83006)     (-0.141535,0.218087,1.62249)     (-0.153531,0.22719,1.54564)     (0.283353,0.283135,2.0445)     (0.499096,0.243836,1.83682)     (0.552299,0.132583,1.59804)     (0.505119,0.0748652,1.5584)     
End frame 39;
At time 1415093622 Begin frame 40: (0.220566,0.344832,2.06524)     (0.223934,0.363783,2.10085)     (0.223534,0.509844,2.10482)     (0.209444,0.656942,2.0537)     (0.0698493,0.415889,2.10243)     (0.0178029,0.286341,2.02191)     (-0.0707317,0.390231,1.94784)     (-0.0834844,0.371932,1.88021)     (0.352833,0.39682,2.06712)     (0.363595,0.260332,2.00474)     (0.185999,0.151286,1.98166)     (0.154039,0.0797136,1.95183)     (0.154556,0.282387,2.05687)     (-0.120526,0.262634,1.81092)     (-0.197096,0.21759,1.53023)     (-0.209673,0.233084,1.45472)     (0.287998,0.285303,2.03939)     (0.494876,0.245736,1.82308)     (0.534274,0.13597,1.59894)     (0.491061,0.0803214,1.55091)     
End frame 40;
At time 1415093622 Begin frame 41: (0.223167,0.345158,2.05943)     (0.226287,0.364525,2.09494)     (0.226346,0.511413,2.09706)     (0.212422,0.658365,2.04682)     (0.0749832,0.414555,2.08962)     (0.0269386,0.284602,2.01231)     (-0.0755554,0.355277,1.90086)     (-0.0877122,0.330959,1.8228)     (0.354181,0.398235,2.06203)     (0.365345,0.261224,1.99936)     (0.19269,0.152025,1.97435)     (0.165586,0.0813025,1.94003)     (0.155699,0.283493,2.04999)     (-0.114419,0.252453,1.76151)     (-0.22209,0.235798,1.53358)     (-0.232666,0.251134,1.45625)     (0.291006,0.285755,2.03528)     (0.474771,0.247669,1.7993)     (0.492066,0.132263,1.59106)     (0.477492,0.115142,1.52081)     
End frame 41;
At time 1415093622 Begin frame 42: (0.223805,0.344232,2.05385)     (0.226961,0.364199,2.08926)     (0.228678,0.511936,2.08935)     (0.215964,0.659304,2.0386)     (0.0774105,0.412291,2.0768)     (0.0336388,0.28245,2.00322)     (-0.0758622,0.346268,1.88628)     (-0.0827846,0.323667,1.81748)     (0.356018,0.398911,2.05591)     (0.36633,0.261515,1.99433)     (0.278326,0.136746,1.94657)     (0.272699,0.08824,1.91086)     (0.15418,0.282773,2.04226)     (-0.110729,0.247721,1.73431)     (-0.258479,0.234286,1.48709)     (-0.2223,0.218587,1.42732)     (0.290245,0.283431,2.03134)     (0.470756,0.264243,1.79588)     (0.482447,0.149078,1.59507)     (0.486078,0.162098,1.51387)     
End frame 42;
At time 1415093622 Begin frame 43: (0.223656,0.343104,2.04837)     (0.226843,0.363532,2.08349)     (0.230715,0.512014,2.08228)     (0.220182,0.659863,2.02953)     (0.0786564,0.410808,2.06581)     (0.0376541,0.281378,1.99558)     (-0.0698458,0.341204,1.87115)     (-0.0732353,0.318779,1.79984)     (0.357717,0.399768,2.05068)     (0.367362,0.262498,1.98905)     (0.326248,0.131089,1.93289)     (0.332875,0.0920009,1.89592)     (0.15215,0.281377,2.0336)     (-0.10447,0.241558,1.70144)     (-0.250232,0.226858,1.45111)     (-0.221288,0.234084,1.38948)     (0.28861,0.281303,2.02814)     (0.470214,0.279551,1.79717)     (0.474336,0.161515,1.59852)     (0.484859,0.184348,1.51237)     
End frame 43;
At time 1415093622 Begin frame 44: (0.223987,0.342156,2.04242)     (0.227038,0.362795,2.07714)     (0.232998,0.511724,2.07562)     (0.223912,0.660049,2.02136)     (0.0796067,0.409217,2.0539)     (0.0396688,0.2805,1.98882)     (-0.0616971,0.340298,1.84661)     (-0.0713988,0.306644,1.7634)     (0.359396,0.400807,2.04583)     (0.36909,0.264875,1.98171)     (0.413449,0.235457,1.8467)     (0.430178,0.206606,1.8142)     (0.151111,0.279871,2.02488)     (-0.101791,0.239383,1.68607)     (-0.242515,0.227855,1.43601)     (-0.213175,0.238576,1.37881)     (0.288507,0.280488,2.02485)     (0.468004,0.283531,1.793)     (0.467746,0.164664,1.5969)     (0.480596,0.191367,1.50631)     
End frame 44;
At time 1415093622 Begin frame 45: (0.224436,0.341379,2.03678)     (0.227201,0.362225,2.07113)     (0.234901,0.511523,2.06952)     (0.227239,0.660486,2.01335)     (0.0795615,0.408443,2.04215)     (0.00684749,0.298087,1.91318)     (-0.0731849,0.37258,1.79343)     (-0.089193,0.345072,1.71453)     (0.360819,0.402025,2.04152)     (0.371145,0.267473,1.97494)     (0.460216,0.261022,1.77759)     (0.487756,0.234997,1.70437)     (0.150791,0.278476,2.01769)     (-0.0970533,0.238977,1.6747)     (-0.207975,0.226471,1.43665)     (-0.193711,0.239286,1.36508)     (0.288564,0.279902,2.0216)     (0.467245,0.288163,1.78947)     (0.462456,0.169567,1.59382)     (0.477787,0.19829,1.50249)     
End frame 45;
At time 1415093622 Begin frame 46: (0.226268,0.340343,2.03087)     (0.228537,0.361511,2.06521)     (0.236558,0.511645,2.06439)     (0.230416,0.661285,2.00612)     (0.0801955,0.408488,2.03343)     (-0.011628,0.305053,1.87127)     (-0.0710671,0.317198,1.70236)     (-0.125062,0.282065,1.51368)     (0.362907,0.404073,2.03535)     (0.373183,0.269437,1.96984)     (0.450387,0.270647,1.74967)     (0.447083,0.243762,1.67924)     (0.158063,0.274802,2.00867)     (-0.0896023,0.240406,1.67189)     (-0.0558742,0.166252,1.40493)     (-0.0870131,0.16499,1.32788)     (0.289075,0.279536,2.01794)     (0.474402,0.309926,1.78884)     (0.461992,0.183312,1.59022)     (0.476207,0.206719,1.50025)     
End frame 46;
At time 1415093622 Begin frame 47: (0.228143,0.339502,2.02608)     (0.229967,0.361028,2.06042)     (0.237985,0.512176,2.06005)     (0.233115,0.662715,1.99953)     (0.0811397,0.409037,2.02495)     (-0.0137973,0.33109,1.8268)     (-0.0723794,0.305895,1.63307)     (-0.132801,0.268032,1.44373)     (0.366447,0.409543,2.02783)     (0.384126,0.296837,1.92618)     (0.455795,0.288272,1.69353)     (0.471748,0.249729,1.56152)     (0.163047,0.272562,2.0033)     (-0.0828533,0.242754,1.6741)     (-0.00307828,0.146597,1.38826)     (-0.0419972,0.135694,1.30895)     (0.289849,0.279118,2.01411)     (0.477947,0.322284,1.78733)     (0.462614,0.194885,1.58605)     (0.451147,0.201429,1.49892)     
End frame 47;
At time 1415093622 Begin frame 48: (0.229978,0.33903,2.02171)     (0.231383,0.361022,2.05593)     (0.239048,0.513743,2.05495)     (0.235809,0.665003,1.99196)     (0.0823615,0.409949,2.01788)     (-0.0138441,0.342167,1.80755)     (-0.0675938,0.305954,1.6226)     (-0.127388,0.263645,1.45189)     (0.369744,0.416336,2.02168)     (0.384332,0.280663,1.92819)     (0.436131,0.275611,1.72261)     (0.455318,0.257682,1.56356)     (0.16806,0.270556,1.99893)     (-0.056306,0.279985,1.77913)     (-0.0126394,0.18006,1.48181)     (-0.0217961,0.181589,1.40076)     (0.290395,0.279571,2.01005)     (0.478152,0.327963,1.78322)     (0.461873,0.201821,1.57945)     (0.433131,0.195622,1.48881)     
End frame 48;
At time 1415093622 Begin frame 49: (0.231318,0.339101,2.01754)     (0.232266,0.361632,2.05151)     (0.23979,0.516502,2.04939)     (0.237848,0.667648,1.98516)     (0.0836386,0.412622,2.00796)     (-0.0117517,0.350801,1.7937)     (-0.0634373,0.302504,1.58832)     (-0.120719,0.273252,1.39267)     (0.372023,0.422149,2.01655)     (0.386179,0.280265,1.92563)     (0.4352,0.28647,1.70843)     (0.424864,0.259509,1.63522)     (0.17111,0.269926,1.9959)     (-0.030932,0.351749,1.81439)     (0.0127222,0.226633,1.50919)     (0.00981938,0.22747,1.4287)     (0.290157,0.28023,2.00484)     (0.471393,0.328536,1.76954)     (0.258112,0.149697,1.82949)     (0.284254,0.154857,1.74072)     
End frame 49;
At time 1415093622 Begin frame 50: (0.232321,0.339316,2.01304)     (0.232894,0.362391,2.04688)     (0.240254,0.519527,2.04431)     (0.239369,0.669886,1.98003)     (0.0851505,0.414665,2.00068)     (-0.00763639,0.356344,1.78567)     (-0.057045,0.307717,1.57974)     (-0.108258,0.280263,1.38803)     (0.373445,0.426757,2.01222)     (0.387859,0.285012,1.9237)     (0.428822,0.290015,1.70738)     (0.417627,0.272607,1.62168)     (0.173476,0.269886,1.99326)     (-0.0158517,0.403071,1.8398)     (0.0212923,0.248807,1.52911)     (0.0241955,0.253966,1.45007)     (0.289246,0.280803,1.99894)     (0.461084,0.324727,1.75248)     (0.222478,0.148391,1.86793)     (0.246788,0.150695,1.78265)     
End frame 50;
At time 1415093622 Begin frame 51: (0.233403,0.339323,2.00701)     (0.233638,0.362909,2.04012)     (0.240023,0.51686,2.03093)     (0.240707,0.672905,1.97487)     (0.0867476,0.416459,1.99502)     (-0.00140919,0.361583,1.78115)     (-0.0442202,0.315063,1.57249)     (-0.096988,0.286721,1.38525)     (0.374489,0.431003,2.0081)     (0.388901,0.289964,1.92205)     (0.422917,0.29138,1.70847)     (0.404844,0.273724,1.64188)     (0.175868,0.269992,1.99028)     (-0.00926356,0.421401,1.85047)     (0.0151541,0.265336,1.53654)     (0.0194006,0.268895,1.45517)     (0.288325,0.281178,1.9922)     (0.453853,0.322989,1.7391)     (0.203891,0.143494,1.89163)     (0.236685,0.15215,1.80768)     
End frame 51;
At time 1415093622 Begin frame 52: (0.234224,0.339753,2.00085)     (0.234117,0.363353,2.03354)     (0.239773,0.514157,2.02154)     (0.241883,0.675766,1.97014)     (0.0885858,0.41859,1.98873)     (0.00309063,0.364004,1.77798)     (-0.0368054,0.320469,1.5697)     (-0.0871982,0.293832,1.38813)     (0.375484,0.434707,2.00368)     (0.389727,0.290511,1.92267)     (0.418831,0.31922,1.72401)     (0.404501,0.296689,1.66672)     (0.178135,0.270167,1.98684)     (-0.00805542,0.429429,1.83311)     (0.0106714,0.277054,1.53732)     (0.0175576,0.280487,1.45529)     (0.287018,0.282693,1.98487)     (0.450637,0.321589,1.73044)     (0.207062,0.141948,1.8868)     (0.24083,0.15543,1.80406)     
End frame 52;
At time 1415093622 Begin frame 53: (0.234362,0.336847,1.99183)     (0.234118,0.360469,2.02463)     (0.239326,0.511532,2.01472)     (0.242959,0.678074,1.96532)     (0.0904691,0.420619,1.98323)     (0.0114962,0.370017,1.77364)     (-0.0311305,0.325322,1.56646)     (-0.0804221,0.299318,1.39657)     (0.375987,0.437557,1.99763)     (0.390257,0.292092,1.92181)     (0.415957,0.321624,1.7242)     (0.406271,0.249932,1.45944)     (0.180225,0.269153,1.97969)     (-0.00306323,0.442632,1.82479)     (0.00287594,0.283944,1.52813)     (0.0105384,0.289309,1.44746)     (0.285029,0.279157,1.97646)     (0.447696,0.320204,1.72303)     (0.20358,0.142126,1.88377)     (0.239282,0.158966,1.80222)     
End frame 53;
At time 1415093622 Begin frame 54: (0.234439,0.334571,1.98455)     (0.234149,0.358087,2.01733)     (0.238909,0.50894,2.00876)     (0.243826,0.680126,1.96017)     (0.0926974,0.423109,1.97681)     (0.0591193,0.338579,1.82303)     (-0.00910846,0.351843,1.63214)     (-0.032237,0.338516,1.56302)     (0.376284,0.439292,1.98914)     (0.390127,0.319224,1.8787)     (0.409661,0.322443,1.67765)     (0.40525,0.28128,1.53829)     (0.18151,0.268397,1.97403)     (0.000528914,0.448202,1.81759)     (8.16615e-005,0.288001,1.52029)     (0.00663433,0.293383,1.43953)     (0.283938,0.276272,1.96899)     (0.446385,0.319239,1.71796)     (0.188824,0.138807,1.90046)     (0.189313,0.1464,1.80911)     
End frame 54;
At time 1415093622 Begin frame 55: (0.234684,0.33299,1.97805)     (0.234406,0.35641,2.01075)     (0.239065,0.506709,2.00269)     (0.244754,0.682238,1.95478)     (0.0949048,0.425983,1.9704)     (0.105727,0.279891,1.88854)     (0.0205316,0.360924,1.72105)     (0.0064501,0.349459,1.66061)     (0.376347,0.440668,1.98157)     (0.389454,0.304725,1.89538)     (0.40777,0.322088,1.68584)     (0.409135,0.263376,1.44327)     (0.182548,0.268135,1.96828)     (0.00381403,0.450512,1.80898)     (-0.000895924,0.288894,1.51145)     (0.00444392,0.293884,1.43095)     (0.28334,0.274293,1.96313)     (0.445655,0.318607,1.71433)     (0.207479,0.144235,1.86809)     (0.171673,0.142981,1.78274)     
End frame 55;
At time 1415093623 Begin frame 56: (0.235147,0.33163,1.97171)     (0.235237,0.354928,2.00428)     (0.239989,0.504772,1.99652)     (0.245464,0.684083,1.94866)     (0.0971298,0.428869,1.96414)     (0.118729,0.265511,1.9201)     (0.0339588,0.386271,1.76659)     (0.0195955,0.375648,1.70616)     (0.376716,0.440781,1.96782)     (0.394776,0.345082,1.79073)     (0.40371,0.323205,1.58697)     (0.411935,0.273885,1.37475)     (0.183633,0.267992,1.95653)     (0.00898114,0.418891,1.75924)     (-0.00221183,0.264208,1.46419)     (-0.000920303,0.268608,1.38422)     (0.283019,0.272916,1.95923)     (0.444841,0.317671,1.71131)     (0.212187,0.144445,1.85359)     (0.161951,0.138926,1.76306)     
End frame 56;
At time 1415093623 Begin frame 57: (0.235754,0.331715,1.96516)     (0.236211,0.355025,1.99768)     (0.241229,0.505033,1.98989)     (0.246287,0.686529,1.94057)     (0.0990723,0.431666,1.95689)     (0.128695,0.254738,1.9329)     (0.0405381,0.392685,1.78443)     (0.0259733,0.375577,1.71448)     (0.376778,0.440507,1.95577)     (0.400205,0.352283,1.74498)     (0.423057,0.301741,1.54094)     (0.412888,0.278546,1.34857)     (0.184187,0.268949,1.94808)     (0.0117182,0.388683,1.7195)     (-0.00282977,0.240182,1.42485)     (-0.0041036,0.244032,1.34517)     (0.283225,0.27264,1.95477)     (0.444112,0.31804,1.7061)     (0.2151,0.147297,1.8396)     (0.157389,0.140568,1.7469)     
End frame 57;
At time 1415093623 Begin frame 58: (0.236275,0.332053,1.95828)     (0.237308,0.355391,1.99095)     (0.242394,0.506106,1.98383)     (0.247719,0.688789,1.93314)     (0.100603,0.434268,1.95013)     (0.123062,0.257128,1.92908)     (0.0392302,0.395746,1.77856)     (0.0257512,0.383553,1.70706)     (0.37612,0.435203,1.93838)     (0.403423,0.358848,1.70717)     (0.431684,0.294305,1.50489)     (0.412166,0.286691,1.34099)     (0.184304,0.26991,1.94178)     (0.0129295,0.378997,1.70498)     (-0.00324617,0.229971,1.40752)     (-0.00617422,0.233881,1.32802)     (0.284038,0.272576,1.9474)     (0.444836,0.321406,1.69862)     (0.217956,0.151844,1.82712)     (0.158066,0.145592,1.73359)     
End frame 58;
At time 1415093623 Begin frame 59: (0.236772,0.332768,1.95198)     (0.238163,0.356201,1.98478)     (0.24336,0.507941,1.9779)     (0.249224,0.691006,1.92585)     (0.101898,0.436959,1.94321)     (0.123768,0.251857,1.92674)     (0.0531999,0.424569,1.80265)     (0.0438251,0.40758,1.74647)     (0.375338,0.435092,1.93008)     (0.404108,0.363954,1.69056)     (0.434622,0.291851,1.48925)     (0.40972,0.298111,1.33874)     (0.184497,0.271587,1.9352)     (0.0134614,0.373129,1.69546)     (-0.00375498,0.225137,1.39806)     (-0.00756118,0.228703,1.31819)     (0.284703,0.272816,1.9419)     (0.445194,0.330889,1.69175)     (0.18373,0.242267,1.79817)     (0.129309,0.232166,1.71212)     
End frame 59;
At time 1415093623 Begin frame 60: (0.23684,0.333099,1.94487)     (0.238513,0.356667,1.97807)     (0.244188,0.509843,1.97231)     (0.250264,0.692675,1.91988)     (0.102853,0.438626,1.93622)     (0.105511,0.270556,1.90822)     (0.0522771,0.445613,1.80931)     (0.0407126,0.434721,1.74597)     (0.374393,0.436083,1.92437)     (0.402215,0.370048,1.6827)     (0.424377,0.310465,1.48298)     (0.405698,0.311722,1.3405)     (0.18454,0.272786,1.93013)     (0.0131347,0.368561,1.68883)     (-0.0042569,0.221566,1.39126)     (-0.00847774,0.22512,1.31137)     (0.284019,0.272749,1.932)     (0.464666,0.427766,1.75503)     (0.177019,0.365089,1.84057)     (0.138394,0.346512,1.77563)     
End frame 60;
At time 1415093623 Begin frame 61: (0.236486,0.33374,1.93825)     (0.23829,0.357459,1.97162)     (0.244928,0.511837,1.96627)     (0.251137,0.694407,1.91447)     (0.103635,0.439918,1.92869)     (0.0941476,0.281923,1.89498)     (0.0507587,0.459276,1.81151)     (0.0384686,0.449041,1.74221)     (0.373409,0.436894,1.92023)     (0.399458,0.374715,1.68117)     (0.420059,0.32043,1.4807)     (0.400407,0.326774,1.34075)     (0.18383,0.276023,1.92437)     (0.0640203,0.236215,1.55643)     (0.0867636,0.0682851,1.39992)     (0.0383426,0.0939508,1.32667)     (0.282966,0.272346,1.92378)     (0.473121,0.467293,1.77956)     (0.176465,0.430723,1.87122)     (0.138966,0.401225,1.79783)     
End frame 61;
At time 1415093623 Begin frame 62: (0.236377,0.334158,1.93171)     (0.238222,0.358009,1.96523)     (0.245732,0.513535,1.96055)     (0.251839,0.695876,1.90975)     (0.104365,0.440634,1.92185)     (0.0937597,0.277866,1.88304)     (0.0516934,0.461324,1.80596)     (0.0419751,0.444061,1.72052)     (0.37197,0.439059,1.9168)     (0.396567,0.37895,1.68382)     (0.41739,0.327818,1.4811)     (0.394661,0.339865,1.33993)     (0.183826,0.279055,1.91811)     (0.0786652,0.1955,1.50842)     (0.132333,-0.0107694,1.39865)     (0.0673998,0.0109793,1.3347)     (0.282196,0.271848,1.91744)     (0.476417,0.487721,1.79096)     (0.174728,0.457577,1.87955)     (0.141997,0.411554,1.80758)     
End frame 62;
At time 1415093623 Begin frame 63: (0.236075,0.334333,1.9259)     (0.237969,0.358286,1.95961)     (0.246187,0.514896,1.95598)     (0.252468,0.696949,1.90601)     (0.10478,0.44103,1.91638)     (0.0946069,0.274355,1.87565)     (0.0530044,0.46402,1.80515)     (0.0448476,0.444478,1.71706)     (0.370341,0.441308,1.91379)     (0.394458,0.381409,1.68593)     (0.39529,0.356883,1.48303)     (0.386344,0.354569,1.33637)     (0.183691,0.281517,1.91236)     (0.0845419,0.179044,1.48753)     (0.149991,-0.042483,1.39734)     (0.0765297,-0.0173633,1.33566)     (0.281382,0.271177,1.9121)     (0.476739,0.49838,1.79364)     (0.349565,0.128952,1.86697)     (0.29721,0.130124,1.79297)     
End frame 63;
At time 1415093623 Begin frame 64: (0.235425,0.334407,1.92067)     (0.237506,0.358478,1.95466)     (0.246345,0.516317,1.95217)     (0.253098,0.697713,1.90251)     (0.105398,0.441678,1.91198)     (0.0974784,0.270031,1.86976)     (0.0766274,0.335772,1.68883)     (0.0200462,0.396691,1.32808)     (0.368219,0.442184,1.90983)     (0.393512,0.383119,1.68508)     (0.386718,0.36798,1.48)     (0.379311,0.366059,1.33248)     (0.183569,0.284265,1.90593)     (0.0838729,0.178426,1.48049)     (0.160477,-0.0616463,1.39552)     (0.081935,-0.0350242,1.33545)     (0.279916,0.270416,1.90755)     (0.0982304,0.483919,1.87987)     (0.281764,0.209816,1.87002)     (0.237402,0.199468,1.79408)     
End frame 64;
At time 1415093623 Begin frame 65: (0.234518,0.334666,1.91635)     (0.23676,0.358866,1.9505)     (0.246179,0.517917,1.94875)     (0.253462,0.698213,1.89932)     (0.107493,0.444804,1.90875)     (0.0892591,0.323811,1.80797)     (0.0720494,0.35387,1.60093)     (0.0222683,0.396029,1.27009)     (0.366356,0.443174,1.90709)     (0.392655,0.384361,1.68507)     (0.381901,0.37424,1.47854)     (0.372601,0.375388,1.32897)     (0.182858,0.287183,1.90024)     (0.0814894,0.180224,1.4745)     (0.15976,-0.0628588,1.39116)     (0.0810068,-0.0374638,1.33234)     (0.278521,0.270062,1.90422)     (0.0491834,0.501096,1.89962)     (0.293678,0.186041,1.87063)     (0.228462,0.186056,1.78754)     
End frame 65;
At time 1415093623 Begin frame 66: (0.233702,0.334909,1.91296)     (0.236094,0.359178,1.94724)     (0.24604,0.519132,1.94625)     (0.253633,0.698423,1.89665)     (0.109218,0.447222,1.90655)     (0.0821265,0.356993,1.77187)     (0.0701736,0.355848,1.53896)     (0.0276505,0.394544,1.24483)     (0.364938,0.4439,1.90507)     (0.391772,0.385513,1.68516)     (0.378487,0.37854,1.47741)     (0.366438,0.382873,1.32612)     (0.182013,0.289288,1.89627)     (0.079178,0.181691,1.46988)     (0.151119,-0.0514262,1.38627)     (0.0755325,-0.0285077,1.32784)     (0.277408,0.269951,1.90116)     (0.0217854,0.490384,1.90222)     (0.26618,0.195992,1.86674)     (0.221159,0.181615,1.78588)     
End frame 66;
At time 1415093623 Begin frame 67: (0.232783,0.334558,1.90979)     (0.235403,0.359075,1.94427)     (0.245929,0.520258,1.94396)     (0.253726,0.698551,1.8946)     (0.113305,0.449777,1.90533)     (0.0798253,0.37001,1.75839)     (0.0695559,0.366202,1.53424)     (0.032919,0.396533,1.24382)     (0.363927,0.44444,1.90366)     (0.390955,0.386406,1.68545)     (0.372661,0.383755,1.47678)     (0.3599,0.38897,1.32372)     (0.181067,0.290362,1.8933)     (0.0742555,0.189425,1.47391)     (0.140084,-0.0382248,1.38143)     (0.0681245,-0.0166445,1.32282)     (0.276552,0.26982,1.89879)     (0.0279755,0.49419,1.90292)     (0.31376,0.141242,1.84725)     (0.263608,0.134611,1.76831)     
End frame 67;
At time 1415093623 Begin frame 68: (0.231597,0.333676,1.90681)     (0.234762,0.358642,1.94158)     (0.245898,0.521353,1.94179)     (0.253824,0.698617,1.89301)     (0.119475,0.453137,1.90589)     (0.085596,0.376304,1.75519)     (0.0775636,0.372466,1.5372)     (0.0413788,0.397726,1.244)     (0.36272,0.442076,1.90013)     (0.390231,0.386373,1.68461)     (0.368153,0.386636,1.47414)     (0.354419,0.393247,1.3221)     (0.179754,0.290862,1.89084)     (0.0702129,0.195365,1.47803)     (0.129781,-0.0269962,1.3777)     (0.0608522,-0.00583001,1.31856)     (0.275656,0.269506,1.89672)     (0.031241,0.495611,1.9041)     (0.32355,0.128527,1.83989)     (0.272242,0.1236,1.76202)     
End frame 68;
At time 1415093623 Begin frame 69: (0.230115,0.332255,1.90406)     (0.234065,0.357905,1.93916)     (0.245985,0.522411,1.93977)     (0.254083,0.698532,1.89172)     (0.129377,0.45911,1.90998)     (0.101559,0.379591,1.76458)     (0.0877354,0.379106,1.543)     (0.0498719,0.398076,1.24372)     (0.361912,0.440851,1.89822)     (0.389438,0.386513,1.6841)     (0.365347,0.388302,1.47267)     (0.349529,0.39618,1.32093)     (0.178482,0.291021,1.88899)     (0.0675434,0.199278,1.48116)     (0.12068,-0.018154,1.37483)     (0.0541347,0.00306764,1.31506)     (0.274127,0.268799,1.89467)     (0.0334666,0.49778,1.90459)     (0.328472,0.123043,1.83551)     (0.276453,0.12224,1.75702)     
End frame 69;
At time 1415093623 Begin frame 70: (0.22892,0.331127,1.90207)     (0.233525,0.357332,1.93735)     (0.246304,0.523487,1.9378)     (0.254487,0.698244,1.8906)     (0.134406,0.462186,1.9119)     (0.101532,0.416387,1.72626)     (0.0906292,0.40328,1.50702)     (0.0609753,0.398569,1.25319)     (0.361381,0.439862,1.89686)     (0.388743,0.386517,1.68369)     (0.36328,0.38856,1.47148)     (0.345671,0.397821,1.32049)     (0.177317,0.290963,1.88764)     (0.0657752,0.201907,1.48358)     (0.114306,-0.0119321,1.37312)     (0.0493497,0.00949639,1.3128)     (0.272568,0.268517,1.89316)     (0.405904,0.509001,1.85411)     (0.329318,0.125369,1.83226)     (0.275243,0.130312,1.75401)     
End frame 70;
At time 1415093623 Begin frame 71: (0.228012,0.330249,1.90066)     (0.233101,0.356929,1.93602)     (0.246637,0.524751,1.93544)     (0.255148,0.697881,1.88967)     (0.138043,0.464522,1.91333)     (0.103256,0.433439,1.7073)     (0.093205,0.412622,1.4945)     (0.0715721,0.397572,1.27113)     (0.360933,0.439147,1.89597)     (0.388136,0.386468,1.68346)     (0.361867,0.387597,1.47075)     (0.342168,0.3981,1.3207)     (0.176333,0.290768,1.88669)     (0.0646221,0.203692,1.48548)     (0.109947,-0.00757479,1.37215)     (0.0460582,0.0140683,1.3114)     (0.271385,0.268458,1.89218)     (0.458734,0.507482,1.84264)     (0.326703,0.128998,1.82988)     (0.270858,0.135896,1.75202)     
End frame 71;
At time 1415093623 Begin frame 72: (0.22733,0.329575,1.89966)     (0.232763,0.356661,1.93504)     (0.246726,0.525979,1.93253)     (0.255834,0.697473,1.88895)     (0.140547,0.4662,1.91426)     (0.104129,0.440219,1.69937)     (0.0949031,0.416799,1.48837)     (0.0800466,0.394327,1.28096)     (0.36062,0.438713,1.89541)     (0.387497,0.386076,1.68351)     (0.361108,0.3843,1.47096)     (0.3387,0.394937,1.3229)     (0.175513,0.290463,1.88601)     (0.0638627,0.204908,1.48701)     (0.107058,-0.00451339,1.37164)     (0.0438921,0.0173035,1.3106)     (0.270534,0.268517,1.89163)     (0.534796,0.506855,1.82887)     (0.336477,0.139487,1.83944)     (0.281344,0.142184,1.76228)     
End frame 72;
At time 1415093623 Begin frame 73: (0.226973,0.329008,1.89896)     (0.232593,0.356418,1.9343)     (0.246823,0.526713,1.93001)     (0.256556,0.697014,1.88836)     (0.142341,0.467356,1.91492)     (0.101534,0.432692,1.69757)     (0.0969917,0.414564,1.48645)     (0.0899529,0.384994,1.2889)     (0.360393,0.438371,1.89501)     (0.38652,0.384968,1.68383)     (0.358826,0.377354,1.47225)     (0.334664,0.384598,1.32714)     (0.175397,0.289688,1.88547)     (0.0636864,0.20561,1.48833)     (0.105327,-0.00245038,1.37137)     (0.0426463,0.0195209,1.31016)     (0.270038,0.268594,1.89144)     (0.530944,0.506836,1.82727)     (0.341754,0.145591,1.84518)     (0.287363,0.145783,1.76863)     
End frame 73;
At time 1415093623 Begin frame 74: (0.227157,0.327969,1.89846)     (0.232882,0.355856,1.93357)     (0.246867,0.527032,1.92787)     (0.257324,0.696463,1.88785)     (0.143618,0.468144,1.91537)     (0.103384,0.431523,1.69519)     (0.10318,0.40246,1.48698)     (0.103143,0.362652,1.29668)     (0.360433,0.435903,1.89263)     (0.384,0.376316,1.6816)     (0.363212,0.339097,1.4706)     (0.330704,0.358707,1.33613)     (0.176318,0.287688,1.88494)     (0.0640023,0.205779,1.48949)     (0.104254,-0.000973542,1.37128)     (0.0419333,0.0211294,1.30996)     (0.270544,0.268192,1.89215)     (0.471872,0.529773,1.82043)     (0.299185,0.149167,1.8466)     (0.2499,0.145731,1.76925)     
End frame 74;
At time 1415093623 Begin frame 75: (0.227878,0.327267,1.89829)     (0.233319,0.355432,1.93306)     (0.246839,0.526661,1.92615)     (0.258011,0.695898,1.88737)     (0.144574,0.468571,1.91577)     (0.10611,0.422677,1.69731)     (0.112431,0.377193,1.49351)     (0.116775,0.329009,1.30531)     (0.360687,0.435492,1.89217)     (0.381847,0.370403,1.6835)     (0.361384,0.328307,1.47342)     (0.330155,0.326439,1.3451)     (0.178391,0.28626,1.88506)     (0.0653909,0.20585,1.49139)     (0.104125,0.000424456,1.37199)     (0.0420349,0.0225994,1.3105)     (0.271749,0.268087,1.89315)     (0.452103,0.541689,1.81572)     (0.284005,0.150753,1.8472)     (0.229539,0.145743,1.76917)     
End frame 75;
At time 1415093623 Begin frame 76: (0.229143,0.327266,1.89861)     (0.233993,0.355276,1.9328)     (0.246733,0.525817,1.9249)     (0.258375,0.69455,1.88607)     (0.145272,0.468568,1.91625)     (0.106553,0.406231,1.70486)     (0.118399,0.354075,1.50236)     (0.126706,0.297388,1.31144)     (0.361097,0.435373,1.89201)     (0.376062,0.349877,1.69422)     (0.357728,0.315811,1.47931)     (0.331142,0.297576,1.34814)     (0.181162,0.285777,1.88623)     (0.0678099,0.206232,1.49456)     (0.104957,0.00201068,1.37391)     (0.0429872,0.024105,1.31213)     (0.273514,0.269056,1.8942)     (0.415957,0.551448,1.81606)     (0.270815,0.151481,1.84715)     (0.220264,0.14575,1.76916)     
End frame 76;
At time 1415093623 Begin frame 77: (0.230837,0.329028,1.89952)     (0.23442,0.355497,1.93269)     (0.246392,0.522154,1.9236)     (0.258401,0.692046,1.88325)     (0.11909,0.478466,1.90859)     (0.101951,0.400776,1.70475)     (0.118321,0.340999,1.50388)     (0.133171,0.271876,1.31001)     (0.361558,0.435388,1.89199)     (0.374278,0.343467,1.69732)     (0.376201,0.268664,1.5001)     (0.333926,0.254977,1.34828)     (0.182755,0.28598,1.88718)     (0.0692114,0.206668,1.49655)     (0.10575,0.00338121,1.37558)     (0.0438397,0.0253596,1.31356)     (0.275355,0.27024,1.89521)     (0.396762,0.556808,1.81583)     (0.264733,0.151893,1.84729)     (0.214848,0.14561,1.76915)     
End frame 77;
At time 1415093623 Begin frame 78: (0.232316,0.330658,1.90029)     (0.234817,0.35581,1.93259)     (0.245091,0.515203,1.92142)     (0.257658,0.686384,1.87657)     (0.100363,0.479798,1.89699)     (0.0938332,0.39111,1.69932)     (0.115253,0.317507,1.5006)     (0.135425,0.233707,1.3308)     (0.363755,0.433702,1.88996)     (0.371083,0.342416,1.69975)     (0.378669,0.256818,1.50651)     (0.348889,0.234291,1.41163)     (0.183895,0.285768,1.88764)     (0.0700891,0.20676,1.49761)     (0.106433,0.00421411,1.3767)     (0.0445463,0.0261548,1.31453)     (0.27733,0.271148,1.89599)     (0.438821,0.523784,1.83221)     (0.306755,0.201366,1.83406)     (0.254753,0.189204,1.75909)     
End frame 78;
At time 1415093623 Begin frame 79: (0.233461,0.331749,1.90053)     (0.235115,0.356123,1.93217)     (0.242672,0.503191,1.91525)     (0.255527,0.680375,1.86498)     (0.0888982,0.469462,1.87755)     (0.0816547,0.38277,1.67717)     (0.113062,0.280597,1.49021)     (0.134092,0.214802,1.37199)     (0.366449,0.431533,1.88735)     (0.373411,0.340529,1.69734)     (0.380263,0.25138,1.52024)     (0.368397,0.228827,1.47249)     (0.184873,0.285194,1.88768)     (0.0707891,0.206581,1.49807)     (0.106811,0.00468672,1.37725)     (0.0449363,0.0266373,1.31502)     (0.27921,0.2716,1.89644)     (0.459003,0.451661,1.74978)     (0.290435,0.178529,1.83317)     (0.244161,0.172678,1.75715)     
End frame 79;
At time 1415093623 Begin frame 80: (0.233961,0.332148,1.90015)     (0.23469,0.356106,1.92976)     (0.240097,0.492845,1.90641)     (0.253042,0.669145,1.84225)     (0.0831446,0.449419,1.84475)     (0.0590777,0.322596,1.67479)     (0.109923,0.248254,1.48487)     (0.136485,0.19855,1.38651)     (0.371372,0.41852,1.875)     (0.379102,0.336396,1.68682)     (0.381163,0.245721,1.52494)     (0.378885,0.204714,1.47542)     (0.184509,0.282311,1.88622)     (0.0708144,0.205002,1.49656)     (0.106903,0.00473398,1.37729)     (0.0450451,0.0268406,1.31511)     (0.280252,0.27149,1.89653)     (0.414043,0.28892,1.5901)     (0.288949,0.175326,1.8266)     (0.241118,0.165269,1.74532)     
End frame 80;
At time 1415093623 Begin frame 81: (0.233486,0.330255,1.89622)     (0.233171,0.354884,1.92248)     (0.238782,0.49096,1.8945)     (0.251318,0.651838,1.80833)     (0.0826241,0.435512,1.82342)     (0.0458259,0.281453,1.66768)     (0.112755,0.23156,1.47998)     (0.138794,0.184183,1.39822)     (0.375111,0.403244,1.86025)     (0.382288,0.328478,1.6735)     (0.380948,0.23878,1.52621)     (0.384016,0.194178,1.48466)     (0.182301,0.277752,1.88293)     (0.0693976,0.201758,1.49142)     (0.106486,0.0039923,1.37592)     (0.0446263,0.0265348,1.31409)     (0.280885,0.265122,1.8927)     (0.395345,0.222822,1.55862)     (0.283054,0.16468,1.82654)     (0.231829,0.148693,1.74703)     
End frame 81;
At time 1415093623 Begin frame 82: (0.232426,0.325977,1.88731)     (0.23158,0.352203,1.90671)     (0.240331,0.492555,1.87055)     (0.250952,0.641622,1.78402)     (0.0838657,0.427059,1.81029)     (0.0407265,0.268259,1.66468)     (0.11417,0.221834,1.47971)     (0.142918,0.169416,1.41038)     (0.37812,0.391897,1.84764)     (0.366932,0.274794,1.67146)     (0.3745,0.19468,1.50358)     (0.381358,0.145258,1.44328)     (0.178526,0.272103,1.877)     (0.0662612,0.197094,1.48131)     (0.10492,0.00211142,1.37153)     (0.0430839,0.0256163,1.31044)     (0.281365,0.258177,1.88764)     (0.384734,0.205787,1.55485)     (0.277337,0.150922,1.82489)     (0.225416,0.133647,1.74547)     
End frame 82;
At time 1415093623 Begin frame 83: (0.244159,0.316234,1.85687)     (0.241095,0.345002,1.87182)     (0.243689,0.490326,1.84239)     (0.252584,0.623677,1.74271)     (0.087981,0.415236,1.7909)     (0.0446176,0.250318,1.65091)     (0.123711,0.202526,1.47832)     (0.14952,0.153082,1.42471)     (0.381969,0.379722,1.83032)     (0.387718,0.250704,1.64773)     (0.367679,0.144801,1.48021)     (0.369824,0.0680181,1.38287)     (0.182846,0.254917,1.85485)     (0.0639278,0.186696,1.45663)     (0.104372,-0.00394598,1.35777)     (0.0417147,0.0223641,1.3002)     (0.308188,0.249784,1.85811)     (0.386764,0.180772,1.51924)     (0.297301,0.0395272,1.56)     (0.230871,0.0478312,1.50522)     
End frame 83;
At time 1415093623 Begin frame 84: (0.253131,0.311577,1.83245)     (0.250316,0.341983,1.8395)     (0.248236,0.477219,1.79567)     (0.254988,0.608032,1.70625)     (0.0918816,0.408065,1.77683)     (0.0476501,0.243033,1.64301)     (0.134804,0.173589,1.47056)     (0.147814,0.140324,1.4445)     (0.385371,0.374885,1.81822)     (0.38989,0.23955,1.64441)     (0.363136,0.120231,1.47672)     (0.360435,0.0253012,1.35954)     (0.186844,0.245473,1.8377)     (0.0625996,0.180573,1.43881)     (0.103586,-0.00976332,1.34238)     (0.0399216,0.019108,1.28802)     (0.323742,0.246728,1.84034)     (0.375544,0.13354,1.50869)     (0.337829,0.0116952,1.3772)     (0.256406,0.0219662,1.33819)     
End frame 84;
At time 1415093623 Begin frame 85: (0.263631,0.305072,1.80299)     (0.259708,0.33492,1.80646)     (0.252096,0.464613,1.76253)     (0.257342,0.583769,1.66033)     (0.10019,0.399122,1.75122)     (0.0529022,0.242257,1.63479)     (0.136066,0.172227,1.48197)     (0.146772,0.134115,1.45428)     (0.387323,0.381362,1.79797)     (0.394005,0.236436,1.64911)     (0.363202,0.108134,1.4814)     (0.35771,0.0113855,1.3587)     (0.194465,0.234632,1.81255)     (0.0615587,0.174127,1.41683)     (0.102224,-0.0169408,1.32078)     (0.0371078,0.0150686,1.2708)     (0.339642,0.245592,1.81812)     (0.372569,0.112613,1.49403)     (0.363403,-0.0175614,1.24713)     (0.276554,0.014541,1.2486)     
End frame 85;
At time 1415093624 Begin frame 86: (0.272087,0.293619,1.76994)     (0.268056,0.322573,1.76995)     (0.257648,0.442025,1.71771)     (0.259845,0.558193,1.61433)     (0.11294,0.379252,1.70731)     (0.0522407,0.248358,1.61605)     (0.139518,0.172004,1.48873)     (0.145778,0.130176,1.46048)     (0.394747,0.362379,1.75152)     (0.39886,0.206497,1.60856)     (0.363515,0.089842,1.47933)     (0.362863,0.00777424,1.37954)     (0.200181,0.224398,1.78784)     (0.0595536,0.168182,1.39508)     (0.0990794,-0.0241521,1.29693)     (0.0324777,0.0109443,1.25135)     (0.353004,0.237359,1.78941)     (0.371001,0.0955877,1.48151)     (0.374927,-0.0252393,1.21722)     (0.287774,0.00413549,1.22533)     
End frame 86;
At time 1415093624 Begin frame 87: (0.273774,0.272291,1.7307)     (0.269416,0.300746,1.72989)     (0.257159,0.419351,1.67773)     (0.26066,0.530118,1.56594)     (0.120598,0.362533,1.66748)     (0.0699581,0.248706,1.57779)     (0.149302,0.164586,1.48126)     (0.144637,0.127723,1.46448)     (0.395872,0.347357,1.7105)     (0.39785,0.185164,1.57656)     (0.363663,0.0756081,1.47574)     (0.361937,0.000579445,1.40022)     (0.203355,0.206159,1.74843)     (0.0524442,0.158137,1.35665)     (0.0914745,-0.0346412,1.25946)     (0.0232919,0.0054179,1.22222)     (0.35609,0.217599,1.75351)     (0.383265,0.0858444,1.46612)     (0.388691,-0.0361288,1.18478)     (0.304619,-0.00671728,1.19893)     
End frame 87;
At time 1415093624 Begin frame 88: (0.275082,0.258414,1.6955)     (0.270325,0.285622,1.68965)     (0.25486,0.397168,1.6265)     (0.263387,0.508538,1.52297)     (0.12492,0.34204,1.6184)     (0.0882846,0.228098,1.5356)     (0.175639,0.148006,1.45014)     (0.188609,0.120777,1.43009)     (0.393524,0.344623,1.65698)     (0.400505,0.182027,1.56838)     (0.364951,0.0725219,1.47794)     (0.365082,0.0199169,1.43148)     (0.206442,0.193796,1.7186)     (0.0472841,0.151828,1.3297)     (0.0848981,-0.0420672,1.22953)     (0.0153571,0.00168129,1.1983)     (0.358252,0.209187,1.72563)     (0.39867,0.0721656,1.45076)     (0.401508,-0.0514119,1.16914)     (0.315629,-0.0268745,1.14697)     
End frame 88;
At time 1415093624 Begin frame 89: (0.282096,0.239808,1.64946)     (0.27601,0.265776,1.64334)     (0.255429,0.374011,1.58016)     (0.264291,0.484266,1.4787)     (0.129082,0.318454,1.57001)     (0.0950412,0.198415,1.49726)     (0.213721,0.160393,1.43075)     (0.248652,0.151466,1.4121)     (0.386133,0.355884,1.60664)     (0.404234,0.183669,1.56305)     (0.366593,0.0716866,1.47898)     (0.366893,0.0265069,1.44211)     (0.219159,0.173268,1.6725)     (0.0400443,0.143122,1.29)     (0.0767704,-0.0506106,1.19139)     (0.00637784,-0.00211323,1.17053)     (0.365262,0.199238,1.6791)     (0.408632,0.0358108,1.42297)     (0.371673,-0.095727,1.16945)     (0.289149,-0.0610888,1.15375)     
End frame 89;
At time 1415093624 Begin frame 90: (0.288471,0.227282,1.61403)     (0.283052,0.252001,1.60535)     (0.263683,0.349908,1.53185)     (0.26571,0.466949,1.44189)     (0.133638,0.298951,1.52798)     (0.10932,0.154097,1.45453)     (0.225884,0.213329,1.40534)     (0.261476,0.246849,1.3899)     (0.381746,0.355347,1.54056)     (0.410862,0.187163,1.54869)     (0.36963,0.0693218,1.47526)     (0.369709,0.0267663,1.44293)     (0.227135,0.159489,1.64007)     (0.0346317,0.138444,1.26646)     (0.0700096,-0.0560653,1.16415)     (-0.000932024,-0.0043977,1.14997)     (0.370386,0.194318,1.64736)     (0.416038,0.0121904,1.40266)     (0.358962,-0.118309,1.1798)     (0.27809,-0.0795453,1.16312)     
End frame 90;
At time 1415093624 Begin frame 91: (0.29271,0.21604,1.5786)     (0.287669,0.239749,1.57157)     (0.267833,0.334382,1.50349)     (0.26469,0.44412,1.40013)     (0.138009,0.284342,1.48887)     (0.114845,0.135481,1.4325)     (0.235684,0.220804,1.36584)     (0.280295,0.254444,1.34515)     (0.377975,0.348754,1.48232)     (0.416962,0.188852,1.52582)     (0.381143,0.062189,1.45029)     (0.378828,0.0213027,1.42308)     (0.23265,0.146471,1.60427)     (0.0255812,0.134601,1.23934)     (0.0609899,-0.0603315,1.1358)     (-0.00941572,-0.00562027,1.12984)     (0.373671,0.18833,1.6047)     (0.429291,0.000277063,1.37937)     (0.357384,-0.128776,1.17693)     (0.27687,-0.0885229,1.1613)     
End frame 91;
At time 1415093624 Begin frame 92: (0.294567,0.206597,1.54827)     (0.290017,0.228879,1.53377)     (0.270134,0.32078,1.45044)     (0.265667,0.434869,1.37315)     (0.140161,0.277236,1.4647)     (0.119217,0.123738,1.40823)     (0.246323,0.141968,1.33268)     (0.289274,0.129466,1.31202)     (0.373139,0.341572,1.43458)     (0.423022,0.188111,1.49707)     (0.387062,0.055816,1.43313)     (0.386409,0.0161145,1.40508)     (0.235573,0.140167,1.58248)     (0.0191168,0.13269,1.22173)     (0.0537637,-0.0626364,1.11543)     (-0.0161477,-0.00597579,1.11511)     (0.373682,0.18342,1.57942)     (0.443112,-0.00524526,1.35673)     (0.360391,-0.135658,1.17197)     (0.279125,-0.0948539,1.15832)     
End frame 92;
At time 1415093624 Begin frame 93: (0.295613,0.200632,1.52188)     (0.291135,0.222979,1.50804)     (0.270964,0.314461,1.42109)     (0.267921,0.429931,1.34284)     (0.142541,0.272721,1.43508)     (0.121036,0.118702,1.39088)     (0.246013,0.0933539,1.30597)     (0.287545,0.0801716,1.2866)     (0.371421,0.338466,1.41173)     (0.425918,0.185646,1.46904)     (0.390902,0.0487808,1.4157)     (0.391941,0.0120422,1.39011)     (0.238197,0.136426,1.55318)     (0.00886914,0.131835,1.2008)     (0.0442824,-0.0638206,1.09402)     (-0.023857,-0.00547476,1.10083)     (0.372737,0.179596,1.55434)     (0.442365,-0.0214606,1.3426)     (0.357158,-0.151454,1.16778)     (0.276849,-0.108152,1.15605)     
End frame 93;
At time 1415093624 Begin frame 94: (0.292687,0.202934,1.48822)     (0.287785,0.225189,1.47227)     (0.264122,0.313318,1.37943)     (0.270967,0.428369,1.31243)     (0.142936,0.271533,1.41349)     (0.12343,0.117657,1.37274)     (0.247327,0.0490576,1.29618)     (0.291058,0.0251619,1.2772)     (0.378691,0.326916,1.38441)     (0.427982,0.18314,1.44593)     (0.393554,0.0430209,1.40086)     (0.395941,0.00928155,1.37863)     (0.234849,0.138965,1.52534)     (-0.00449883,0.132085,1.17888)     (0.032513,-0.0638536,1.07254)     (-0.0325532,-0.00414059,1.08738)     (0.373116,0.180167,1.53176)     (0.440396,-0.0357622,1.33346)     (0.355006,-0.165731,1.16427)     (0.275592,-0.120614,1.15409)     
End frame 94;
At time 1415093624 Begin frame 95: (0.289924,0.207558,1.46347)     (0.284895,0.229546,1.44666)     (0.259458,0.316536,1.34997)     (0.273962,0.431074,1.28363)     (0.141245,0.276005,1.38986)     (0.12018,0.126816,1.34868)     (0.246539,0.0376803,1.29297)     (0.287021,0.0116434,1.28346)     (0.381646,0.322698,1.36589)     (0.429281,0.181433,1.42732)     (0.39625,0.0388195,1.38831)     (0.39952,0.00142895,1.36496)     (0.230643,0.144703,1.50152)     (-0.0134206,0.13221,1.16528)     (0.0232849,-0.0635815,1.05729)     (-0.0073744,-0.0729427,1.02303)     (0.372789,0.184665,1.50898)     (0.438637,-0.0455528,1.32624)     (0.3539,-0.175625,1.16013)     (0.275123,-0.129468,1.15134)     
End frame 95;
At time 1415093624 Begin frame 96: (0.280935,0.22478,1.42761)     (0.275889,0.245875,1.40961)     (0.252285,0.329555,1.30934)     (0.277302,0.445253,1.24644)     (0.138128,0.285631,1.36594)     (0.117071,0.13569,1.33524)     (0.239233,0.0290794,1.28502)     (0.275579,-0.00227465,1.2741)     (0.412378,0.303159,1.39091)     (0.429377,0.165209,1.40852)     (0.395908,0.0216825,1.37106)     (0.399959,-0.0125782,1.35341)     (0.214891,0.167847,1.46749)     (-0.0178692,0.13214,1.15801)     (0.0179148,-0.0634409,1.0484)     (0.0104073,-0.109692,0.992539)     (0.372021,0.188212,1.4935)     (0.437057,-0.0517255,1.31995)     (0.427924,-0.0175771,1.56171)     (0.358402,-0.00392833,1.50487)     
End frame 96;
At time 1415093624 Begin frame 97: (0.276218,0.235655,1.41123)     (0.271745,0.254253,1.3945)     (0.249024,0.33531,1.29669)     (0.278115,0.446915,1.23118)     (0.13442,0.302828,1.33962)     (0.118813,0.150854,1.32191)     (0.231441,0.0278246,1.28357)     (0.265244,-0.0115506,1.27511)     (0.422509,0.298471,1.39348)     (0.430611,0.160141,1.39782)     (0.396731,0.0165282,1.36437)     (0.400987,-0.0229309,1.34634)     (0.206901,0.182303,1.44878)     (-0.021031,0.132223,1.15344)     (0.0143172,-0.0633347,1.04252)     (0.0176216,-0.124433,0.978542)     (0.370481,0.195058,1.4772)     (0.437959,-0.0568333,1.31779)     (0.435789,-0.00836356,1.61836)     (0.369671,0.00458334,1.5609)     
End frame 97;
At time 1415093624 Begin frame 98: (0.272461,0.253201,1.39862)     (0.267538,0.271018,1.38327)     (0.243822,0.351103,1.29506)     (0.2784,0.4478,1.21914)     (0.131624,0.320581,1.32125)     (0.122157,0.170645,1.31029)     (0.222895,0.0410442,1.28531)     (0.257952,-0.00945042,1.27708)     (0.428898,0.31927,1.39078)     (0.444822,0.182069,1.38126)     (0.402241,0.0246824,1.36314)     (0.408204,-0.0197455,1.34466)     (0.203363,0.193288,1.43763)     (-0.0238302,0.132305,1.15136)     (0.0086721,-0.0629767,1.03857)     (0.0207932,-0.13359,0.969081)     (0.369798,0.219934,1.45086)     (0.433352,-0.0638512,1.34272)     (0.392044,0.0638615,1.67849)     (0.33106,0.0676087,1.61532)     
End frame 98;
At time 1415093624 Begin frame 99: (0.269843,0.267072,1.39078)     (0.264235,0.285113,1.37662)     (0.236636,0.371067,1.29908)     (0.278087,0.44853,1.2101)     (0.130025,0.362782,1.28976)     (0.130365,0.199982,1.29421)     (0.222543,0.0474059,1.28512)     (0.255774,-0.00950057,1.27848)     (0.430258,0.334613,1.38691)     (0.450987,0.195118,1.37522)     (0.409361,0.0321184,1.36705)     (0.428284,-0.0106267,1.35289)     (0.202432,0.20648,1.42781)     (-0.0287035,0.132258,1.15106)     (0.00664119,-0.0627041,1.0365)     (0.0257793,-0.137276,0.965393)     (0.369143,0.231037,1.43843)     (0.435847,-0.0658818,1.36708)     (0.386122,0.0747608,1.6747)     (0.324795,0.0782467,1.61341)     
End frame 99;
At time 1415093624 Begin frame 100: (0.268377,0.281783,1.38422)     (0.261715,0.300207,1.37113)     (0.228775,0.38992,1.30125)     (0.276797,0.449742,1.20231)     (0.127378,0.384588,1.27434)     (0.12303,0.220696,1.28977)     (0.225946,0.0559484,1.28588)     (0.259154,-0.00573487,1.28062)     (0.426405,0.365011,1.37201)     (0.456185,0.225001,1.37443)     (0.416314,0.0395592,1.38083)     (0.442307,-0.00242254,1.36435)     (0.204364,0.217723,1.41923)     (-0.0324299,0.132209,1.15173)     (0.00559859,-0.0622537,1.03621)     (0.0300182,-0.135666,0.966402)     (0.369671,0.242814,1.4289)     (0.441368,-0.0607262,1.3952)     (0.397902,0.0294108,1.68017)     (0.335782,0.0414442,1.62324)     
End frame 100;
At time 1415093624 Begin frame 101: (0.275289,0.306321,1.37428)     (0.269615,0.326349,1.36192)     (0.24656,0.423096,1.29795)     (0.284535,0.457661,1.19259)     (0.119361,0.40932,1.26197)     (0.106363,0.257514,1.28351)     (0.221621,0.0871759,1.28759)     (0.258789,0.0128215,1.28486)     (0.412031,0.411579,1.34699)     (0.454787,0.26979,1.37168)     (0.426771,0.0711661,1.40368)     (0.454548,0.0194342,1.37725)     (0.210632,0.231447,1.40846)     (-0.0352657,0.132147,1.15291)     (0.00541965,-0.0617235,1.03723)     (0.0331029,-0.131298,0.970332)     (0.372154,0.261512,1.41876)     (0.453549,-0.0366433,1.44022)     (0.388131,0.0236712,1.67094)     (0.326312,0.0336349,1.61121)     
End frame 101;
At time 1415093624 Begin frame 102: (0.2888,0.330368,1.36759)     (0.288527,0.352469,1.35742)     (0.295011,0.449694,1.31169)     (0.328764,0.478586,1.19688)     (0.113571,0.423544,1.25531)     (0.100957,0.270688,1.28075)     (0.220931,0.1007,1.28861)     (0.259948,0.02751,1.28831)     (0.403873,0.437333,1.33356)     (0.457489,0.290128,1.37273)     (0.438029,0.0924527,1.42341)     (0.465945,0.0378531,1.39074)     (0.215399,0.243524,1.39989)     (-0.0372523,0.132101,1.15429)     (0.0056309,-0.0612228,1.03888)     (-0.0170121,-0.0522377,1.03193)     (0.37344,0.28029,1.40703)     (0.469732,-0.0035969,1.47826)     (0.375193,0.0365591,1.67284)     (0.314009,0.0433219,1.60885)     
End frame 102;
At time 1415093624 Begin frame 103: (0.294411,0.342378,1.36438)     (0.295417,0.36366,1.35531)     (0.312385,0.459372,1.3178)     (0.343872,0.486576,1.19836)     (0.10752,0.434187,1.25075)     (0.101075,0.271538,1.28289)     (0.22533,0.104812,1.29044)     (0.264384,0.034062,1.29106)     (0.410789,0.441791,1.33399)     (0.467803,0.303313,1.38042)     (0.490694,0.109696,1.44789)     (0.519955,0.0629829,1.41744)     (0.218017,0.251725,1.39503)     (-0.0385621,0.132071,1.15569)     (0.00588642,-0.060804,1.04069)     (-0.0502114,-0.00243802,1.07081)     (0.373942,0.288605,1.40162)     (0.481499,0.0157247,1.4992)     (0.414525,-0.0011299,1.67334)     (0.353996,0.00808738,1.61294)     
End frame 103;
At time 1415093624 Begin frame 104: (0.298306,0.350634,1.36209)     (0.299746,0.370757,1.35377)     (0.321471,0.463701,1.32097)     (0.352864,0.491074,1.1993)     (0.102443,0.440617,1.24777)     (0.102908,0.269371,1.28579)     (0.229209,0.106904,1.29158)     (0.267927,0.0388591,1.29282)     (0.408309,0.455602,1.32799)     (0.480815,0.312001,1.39144)     (0.534122,0.15222,1.46188)     (0.561663,0.107927,1.43386)     (0.220174,0.258922,1.39051)     (-0.0394022,0.132046,1.15702)     (0.00663741,-0.060383,1.04278)     (-0.0614269,0.0151873,1.0846)     (0.374106,0.294652,1.3983)     (0.488784,0.0280247,1.50986)     (0.414855,-0.0143449,1.66947)     (0.354634,-0.0027591,1.61013)     
End frame 104;
At time 1415093624 Begin frame 105: (0.302513,0.357854,1.36013)     (0.303661,0.37611,1.35256)     (0.327198,0.462434,1.32339)     (0.359058,0.493758,1.20014)     (0.0981027,0.444332,1.24596)     (0.103951,0.27148,1.28623)     (0.231798,0.110182,1.29045)     (0.270963,0.0446514,1.29217)     (0.408342,0.462368,1.32579)     (0.490424,0.314636,1.40103)     (0.521547,0.128599,1.4579)     (0.570051,0.112445,1.43954)     (0.222614,0.265125,1.38645)     (-0.0399512,0.13201,1.15818)     (0.00732913,-0.0600651,1.04469)     (-0.0684493,0.0263366,1.09324)     (0.374429,0.299739,1.39652)     (0.49216,0.0362256,1.51514)     (0.419923,-0.0337646,1.66591)     (0.358861,-0.0181553,1.60771)     
End frame 105;
At time 1415093624 Begin frame 106: (0.305147,0.362309,1.35898)     (0.30651,0.37954,1.35187)     (0.330268,0.458015,1.32375)     (0.363523,0.495472,1.20064)     (0.0949448,0.446442,1.24463)     (0.145284,0.261111,1.25156)     (0.25682,0.0941286,1.26343)     (0.282751,0.0404747,1.28048)     (0.411909,0.467617,1.32811)     (0.498615,0.314638,1.41)     (0.529073,0.127449,1.45942)     (0.571297,0.108591,1.44055)     (0.22453,0.269334,1.38416)     (-0.0402323,0.131975,1.15919)     (0.00789324,-0.0598237,1.04634)     (-0.00785941,-0.0466237,1.03799)     (0.373747,0.304214,1.39861)     (0.506294,0.0483645,1.50523)     (0.362753,-0.0350851,1.59116)     (0.299622,-0.017531,1.5341)     
End frame 106;
At time 1415093624 Begin frame 107: (0.302597,0.366141,1.35679)     (0.292949,0.386412,1.34371)     (0.272823,0.481968,1.28139)     (0.317644,0.526596,1.16949)     (0.0925656,0.447696,1.24303)     (0.17237,0.255685,1.22074)     (0.26917,0.0821271,1.22157)     (0.292796,0.0317215,1.24218)     (0.419,0.471637,1.33457)     (0.504751,0.314344,1.41623)     (0.534091,0.135225,1.45266)     (0.557577,0.106163,1.44038)     (0.226006,0.272657,1.38223)     (-0.0403295,0.131939,1.16007)     (0.00872416,-0.05956,1.04794)     (0.0274244,-0.0860041,1.00948)     (0.372719,0.307187,1.40145)     (0.458777,0.0325243,1.48332)     (0.568641,0.0187429,1.46311)     (0.486207,0.0272777,1.42579)     
End frame 107;
At time 1415093624 Begin frame 108: (0.277271,0.363449,1.34677)     (0.267832,0.386604,1.33173)     (0.227424,0.492413,1.25399)     (0.277266,0.541838,1.14729)     (0.0912287,0.447906,1.24069)     (0.184871,0.254252,1.19311)     (0.267442,0.0741989,1.17041)     (0.290967,0.0215877,1.1816)     (0.420824,0.475954,1.3364)     (0.507874,0.316156,1.41864)     (0.537004,0.144316,1.43971)     (0.549212,0.106211,1.43416)     (0.225492,0.27598,1.37595)     (-0.0402756,0.131892,1.16082)     (0.00956987,-0.0593146,1.04936)     (0.0434393,-0.102946,0.996553)     (0.355791,0.307332,1.40354)     (0.436165,0.0289384,1.4665)     (0.377357,0.00413971,1.26246)     (0.294867,0.0200422,1.23837)     
End frame 108;
At time 1415093624 Begin frame 109: (0.260145,0.365103,1.32155)     (0.250421,0.387635,1.30982)     (0.199385,0.49623,1.23606)     (0.256985,0.547973,1.13536)     (0.0901768,0.445708,1.23385)     (0.184746,0.254077,1.16027)     (0.252021,0.076927,1.1133)     (0.274227,0.0229655,1.10996)     (0.423683,0.479828,1.33814)     (0.514283,0.318971,1.41544)     (0.542955,0.16579,1.40537)     (0.543404,0.117193,1.4039)     (0.227641,0.278053,1.33165)     (-0.0401591,0.131838,1.16144)     (0.0103466,-0.0590934,1.0506)     (-0.00216634,-0.0540073,1.03373)     (0.352088,0.310158,1.39162)     (0.424714,0.0291583,1.45267)     (0.308802,0.037092,1.24206)     (0.228262,0.0489971,1.21228)     
End frame 109;
At time 1415093624 Begin frame 110: (0.262451,0.365037,1.29993)     (0.251776,0.386997,1.28982)     (0.19099,0.497481,1.22651)     (0.248329,0.551315,1.12813)     (0.0886055,0.440048,1.21589)     (0.169211,0.254188,1.11615)     (0.224871,0.0838769,1.05401)     (0.237596,0.032383,1.0377)     (0.425716,0.482451,1.33831)     (0.525866,0.322948,1.39879)     (0.54801,0.181797,1.37034)     (0.541958,0.12657,1.37377)     (0.234183,0.276315,1.30228)     (-0.0391506,0.12979,1.16134)     (0.0118968,-0.0599474,1.05148)     (-0.0230104,-0.0325538,1.05181)     (0.372598,0.313442,1.35697)     (0.424548,0.0315698,1.44054)     (0.281225,-0.0177806,1.22919)     (0.198783,0.00614766,1.19559)     
End frame 110;
At time 1415093624 Begin frame 111: (0.265594,0.358995,1.2781)     (0.253329,0.380357,1.26777)     (0.181763,0.490237,1.2096)     (0.23681,0.54739,1.1138)     (0.0857188,0.429136,1.17939)     (0.140451,0.27053,1.07325)     (0.193316,0.0993682,0.997929)     (0.19611,0.0481081,0.969515)     (0.428569,0.483363,1.33257)     (0.539395,0.323398,1.36606)     (0.554869,0.187326,1.32653)     (0.54622,0.130464,1.32588)     (0.238368,0.271039,1.27719)     (-0.0386703,0.128655,1.16132)     (0.0139012,-0.0605648,1.05253)     (-0.0337218,-0.0200612,1.06225)     (0.388328,0.30953,1.329)     (0.415551,0.0196189,1.39603)     (0.219534,0.0798092,1.36827)     (0.1473,0.0833404,1.31538)     
End frame 111;
At time 1415093624 Begin frame 112: (0.255398,0.356967,1.24011)     (0.240407,0.37575,1.23042)     (0.160334,0.473002,1.18342)     (0.215071,0.53436,1.09048)     (0.068398,0.415971,1.13562)     (0.107141,0.284086,1.03864)     (0.158042,0.126204,0.948701)     (0.16004,0.0681291,0.913132)     (0.480381,0.480682,1.3302)     (0.552224,0.330894,1.32884)     (0.557331,0.19469,1.28953)     (0.548764,0.138318,1.28604)     (0.237406,0.268363,1.25795)     (-0.0383195,0.12793,1.16133)     (0.0143758,-0.0609117,1.05303)     (-0.0429163,-0.0117734,1.06871)     (0.405114,0.303025,1.29203)     (0.410275,0.0130589,1.36626)     (0.185034,0.0458497,1.27499)     (0.175579,0.0348333,1.20241)     
End frame 112;
At time 1415093624 Begin frame 113: (0.247233,0.356165,1.21949)     (0.231657,0.373695,1.21122)     (0.150195,0.465989,1.1724)     (0.201486,0.526033,1.07676)     (0.0559439,0.410331,1.1133)     (0.0693288,0.267143,0.993113)     (0.127615,0.144476,0.900494)     (0.127359,0.0863151,0.854668)     (0.509648,0.476318,1.32188)     (0.557138,0.333737,1.29776)     (0.55691,0.19731,1.2491)     (0.550523,0.142473,1.24107)     (0.225453,0.264359,1.22971)     (-0.038448,0.127224,1.16124)     (0.0143829,-0.0613389,1.05342)     (-0.049232,-0.00647639,1.07275)     (0.410235,0.297513,1.26216)     (0.40006,0.00475946,1.32522)     (0.177557,-0.00162748,1.36932)     (0.132852,0.00965726,1.29935)     
End frame 113;
At time 1415093624 Begin frame 114: (0.227985,0.356566,1.185)     (0.215755,0.3717,1.18149)     (0.143663,0.456447,1.15883)     (0.191554,0.515631,1.0612)     (0.0182015,0.403502,1.07947)     (0.0312424,0.250587,0.950961)     (0.096951,0.156219,0.852246)     (0.0940429,0.100289,0.800176)     (0.523908,0.46609,1.29476)     (0.556848,0.328292,1.25173)     (0.551904,0.189277,1.20843)     (0.549015,0.13636,1.19942)     (0.20655,0.258613,1.20135)     (-0.0463846,0.123956,1.15959)     (0.0145179,-0.0617661,1.05409)     (-0.052871,-0.00312469,1.07559)     (0.403789,0.289082,1.22588)     (0.397836,0.00194403,1.30801)     (0.200093,-0.0153476,1.25341)     (0.12931,0.00231541,1.23165)     
End frame 114;
At time 1415093624 Begin frame 115: (0.208155,0.356542,1.16144)     (0.195694,0.370225,1.15801)     (0.131472,0.447029,1.14468)     (0.178029,0.505185,1.04554)     (-0.0167936,0.382702,1.03792)     (-0.00711779,0.234973,0.91421)     (0.0809893,0.162075,0.8254)     (0.10326,0.119849,0.795957)     (0.525108,0.45163,1.25715)     (0.552008,0.316133,1.20858)     (0.542351,0.17703,1.15948)     (0.539871,0.125354,1.15183)     (0.181923,0.255036,1.17087)     (-0.0650998,0.116094,1.15802)     (0.00794659,-0.0651055,1.0551)     (-0.0588626,-0.0015155,1.07755)     (0.386158,0.279498,1.18863)     (0.380688,-0.00879526,1.25944)     (0.173477,-0.0226945,1.19696)     (0.143025,-0.00920849,1.13878)     
End frame 115;
At time 1415093625 Begin frame 116: (0.185385,0.353204,1.14069)     (0.17141,0.366321,1.13702)     (0.0999391,0.436364,1.125)     (0.153157,0.493878,1.02687)     (-0.0332942,0.376202,1.01836)     (-0.0416867,0.248445,0.899933)     (0.0674387,0.197437,0.818516)     (0.0739386,0.146926,0.773539)     (0.51531,0.436323,1.21343)     (0.542502,0.302396,1.15842)     (0.530622,0.161467,1.11385)     (0.526234,0.110843,1.1069)     (0.164311,0.252962,1.14929)     (-0.081316,0.116906,1.15159)     (-0.229477,0.0332951,1.0718)     (-0.18549,0.0688935,1.08987)     (0.368055,0.270965,1.15806)     (0.387733,-0.0112332,1.23892)     (0.245528,0.0441585,1.10402)     (0.172197,0.0432177,1.08581)     
End frame 116;
At time 1415093625 Begin frame 117: (0.163008,0.345569,1.11864)     (0.148417,0.358715,1.11558)     (0.0771012,0.427174,1.10918)     (0.131045,0.483306,1.00999)     (-0.053749,0.372054,0.98808)     (-0.0599809,0.248062,0.886768)     (0.00811731,0.189225,0.785296)     (0.0263861,0.145893,0.753142)     (0.499225,0.419758,1.1678)     (0.530664,0.286968,1.11006)     (0.514639,0.147502,1.06152)     (0.507554,0.0976094,1.05633)     (0.146252,0.249393,1.12299)     (-0.0432418,0.0431522,1.15513)     (-0.260616,0.0531056,1.12191)     (-0.202428,0.102697,1.10092)     (0.347958,0.259669,1.12312)     (0.403151,-0.0142539,1.2106)     (0.239805,0.0433438,1.07275)     (0.165247,0.0514334,1.07218)     
End frame 117;
At time 1415093625 Begin frame 118: (0.130327,0.318263,1.09388)     (0.113824,0.329562,1.09253)     (0.0340529,0.387654,1.09344)     (0.081439,0.440054,0.988535)     (-0.0790142,0.350469,0.971639)     (-0.0193137,0.289381,0.865476)     (-0.0725451,0.199856,0.825879)     (-0.0587062,0.161013,0.787331)     (0.48417,0.392488,1.11886)     (0.516902,0.260511,1.05636)     (0.487003,0.122174,1.01459)     (0.483764,0.0803808,1.01611)     (0.13035,0.235573,1.09261)     (-0.0630768,0.0431294,1.19336)     (-0.309717,0.0605031,1.13906)     (-0.23638,0.112949,1.10944)     (0.337015,0.249138,1.09787)     (0.412086,-0.02764,1.16613)     (0.402064,0.16269,1.11047)     (0.314258,0.153844,1.10739)     
End frame 118;
At time 1415093625 Begin frame 119: (0.118624,0.297954,1.07716)     (0.101191,0.308051,1.07716)     (0.0167423,0.358998,1.08136)     (0.0635154,0.417954,0.976538)     (-0.0910107,0.333666,0.960768)     (-0.0437042,0.329906,0.806043)     (-0.0566003,0.326101,0.680039)     (-0.038816,0.330527,0.628114)     (0.462853,0.37127,1.07309)     (0.497606,0.241542,1.00394)     (0.453011,0.106365,0.965543)     (0.453406,0.065039,0.971847)     (0.125367,0.217998,1.06515)     (-0.0743586,0.0556809,1.2175)     (-0.307515,0.0374329,1.13226)     (-0.232593,0.0967592,1.10922)     (0.331093,0.234832,1.07099)     (0.409701,-0.0431602,1.12744)     (0.483158,0.169201,1.07028)     (0.38988,0.159332,1.08114)     
End frame 119;
At time 1415093625 Begin frame 120: (0.116369,0.27658,1.05578)     (0.0981109,0.286427,1.05756)     (0.0104033,0.337037,1.06453)     (0.0535071,0.39891,0.962334)     (-0.0978846,0.316037,0.94825)     (-0.115457,0.359074,0.770005)     (-0.183237,0.398681,0.623881)     (-0.192491,0.416183,0.577189)     (0.440399,0.361,1.03601)     (0.465948,0.227231,0.956847)     (0.419676,0.0944785,0.913379)     (0.416887,0.0517736,0.920669)     (0.124165,0.202437,1.04137)     (-0.0862682,0.0795885,1.22312)     (-0.285298,0.00493455,1.11434)     (-0.196534,0.0559824,1.10897)     (0.328396,0.223616,1.04837)     (0.437588,-0.0498916,1.07992)     (0.311956,-0.0216691,1.0594)     (0.238735,0.0121196,1.07484)     
End frame 120;
At time 1415093625 Begin frame 121: (0.113753,0.260254,1.03709)     (0.0950769,0.269782,1.04051)     (0.00547695,0.320247,1.04859)     (0.0461486,0.38229,0.948123)     (-0.103893,0.298732,0.935777)     (-0.156264,0.388113,0.762432)     (-0.252843,0.496886,0.617308)     (-0.275446,0.536998,0.5733)     (0.414716,0.350711,0.995898)     (0.43281,0.218997,0.911678)     (0.38185,0.0905923,0.862057)     (0.37243,0.0450024,0.86125)     (0.120125,0.188576,1.01836)     (-0.0895097,0.0950164,1.2254)     (-0.287479,0.00907862,1.11228)     (-0.194104,0.0518076,1.11083)     (0.323457,0.210594,1.02147)     (0.45019,-0.0561057,1.04563)     (0.330321,-0.0421421,0.954064)     (0.251239,-0.0124677,0.992799)     
End frame 121;
At time 1415093625 Begin frame 122: (0.133325,0.218393,1.00217)     (0.108042,0.232627,1.00936)     (-0.00711695,0.313342,1.03056)     (0.0353288,0.372363,0.933231)     (-0.114576,0.28756,0.922761)     (-0.0797801,0.423474,0.828518)     (0.0213013,0.555594,0.805246)     (0.0558355,0.59975,0.799332)     (0.192885,0.338447,0.957855)     (0.345671,0.241928,0.884903)     (0.378787,0.128524,0.831926)     (0.362681,0.0811003,0.819805)     (0.128783,0.159742,0.987053)     (-0.079148,0.117887,1.21343)     (-0.278046,0.0624397,1.1099)     (-0.188492,0.0610554,1.11347)     (0.286695,0.191927,0.986366)     (0.456055,-0.0549425,1.01032)     (0.276695,-0.110032,0.887695)     (0.206683,-0.0696461,0.936324)     
End frame 122;
At time 1415093625 Begin frame 123: (0.142856,0.198249,0.982224)     (0.113174,0.216177,0.993949)     (-0.0147244,0.310562,1.01777)     (0.0279446,0.366376,0.92138)     (-0.122155,0.280377,0.912481)     (-0.0540659,0.444883,0.886139)     (0.028273,0.608134,0.890456)     (0.0594596,0.655801,0.903857)     (0.128012,0.330752,0.928963)     (0.305189,0.270629,0.861664)     (0.357371,0.124312,0.80204)     (0.342674,0.0773704,0.790817)     (0.130678,0.147313,0.971339)     (-0.0723578,0.129206,1.20436)     (-0.27282,0.0762864,1.10643)     (-0.179071,0.0710983,1.11339)     (0.267015,0.183291,0.966333)     (0.462976,-0.0422854,0.941811)     (0.562276,-0.237846,0.867029)     (0.602535,-0.241413,0.822677)     
End frame 123;
At time 1415093625 Begin frame 124: (0.144551,0.188665,0.968518)     (0.11382,0.207183,0.982551)     (-0.0206567,0.30972,1.00242)     (0.0219315,0.362189,0.907286)     (-0.129,0.274518,0.900047)     (-0.0387736,0.408383,0.941903)     (0.0863776,0.565078,1.02291)     (0.118485,0.599527,1.05177)     (0.110702,0.333254,0.925522)     (0.298677,0.310773,0.853031)     (0.352213,0.156772,0.786824)     (0.335963,0.110226,0.772427)     (0.127113,0.138739,0.957471)     (-0.0670522,0.135199,1.19841)     (-0.267898,0.0900987,1.10462)     (-0.173598,0.0786421,1.11295)     (0.255148,0.17982,0.951716)     (0.476749,-0.0527051,0.876753)     (0.619617,-0.29979,0.792883)     (0.660194,-0.297665,0.731112)     
End frame 124;
At time 1415093625 Begin frame 125: (0.111627,0.19625,0.944787)     (0.0862882,0.211487,0.959695)     (-0.0247662,0.311053,0.983408)     (0.0173347,0.360177,0.890068)     (-0.134891,0.270586,0.884366)     (-0.0397926,0.380413,0.965122)     (0.0913827,0.50969,1.09268)     (0.120507,0.540839,1.12651)     (0.217999,0.307834,0.915309)     (0.301092,0.297354,0.819584)     (0.373111,0.0955785,0.817773)     (0.350047,0.0594409,0.789856)     (0.0795718,0.14067,0.936608)     (-0.0634473,0.137799,1.19778)     (-0.264029,0.0987819,1.10658)     (-0.170628,0.0815636,1.1139)     (0.245445,0.171244,0.934009)     (0.50105,-0.0463059,0.820201)     (0.722623,-0.258719,0.736173)     (0.764458,-0.241621,0.660385)     
End frame 125;
At time 1415093625 Begin frame 126: (0.0965475,0.198188,0.934275)     (0.0758203,0.212635,0.950668)     (-0.0274423,0.313118,0.968488)     (0.0140421,0.359989,0.874794)     (-0.129173,0.227626,0.88032)     (-0.0568794,0.346291,0.952097)     (0.0275884,0.509231,1.02801)     (0.044243,0.557114,1.04308)     (0.157583,0.29633,0.890929)     (0.307138,0.290079,0.848081)     (0.366401,0.108635,0.821662)     (0.367194,0.055536,0.801415)     (0.0559472,0.139368,0.928614)     (-0.0608364,0.138875,1.19784)     (-0.261292,0.104725,1.10844)     (-0.168787,0.0835996,1.11463)     (0.236997,0.16549,0.923545)     (0.510121,-0.0409961,0.793937)     (0.754158,-0.209959,0.709616)     (0.778916,-0.202134,0.632821)     
End frame 126;
At time 1415093625 Begin frame 127: (0.0867859,0.200374,0.928861)     (0.0681884,0.21491,0.94566)     (-0.0302766,0.314409,0.957388)     (0.0108736,0.360207,0.862149)     (-0.125853,0.208387,0.879705)     (-0.0632336,0.329404,0.948788)     (-0.128189,0.254547,0.880232)     (-0.134226,0.243522,0.886872)     (0.157187,0.290006,0.88302)     (0.30507,0.306519,0.866824)     (0.377596,0.143349,0.84201)     (0.398165,0.0906826,0.827907)     (0.0422766,0.139589,0.92579)     (-0.0579743,0.137723,1.19971)     (-0.258528,0.108573,1.11113)     (-0.167325,0.0849985,1.11539)     (0.225914,0.166148,0.914999)     (0.271581,-0.0954436,0.876404)     (0.358062,0.0148943,0.773146)     (0.256646,0.0367869,0.8312)     
End frame 127;
At time 1415093625 Begin frame 128: (0.0783656,0.20219,0.926027)     (0.0617422,0.216996,0.942899)     (-0.032215,0.314964,0.950479)     (0.00859236,0.360378,0.853357)     (-0.124777,0.199645,0.879523)     (-0.117546,0.329577,0.923007)     (-0.0244673,0.227132,0.89658)     (-0.0690026,0.185587,0.897369)     (0.153901,0.282964,0.874889)     (0.301023,0.310419,0.869271)     (0.381618,0.179667,0.845871)     (0.416485,0.133789,0.836919)     (0.0305058,0.140913,0.926998)     (-0.0549705,0.134805,1.20388)     (-0.246328,0.0879611,1.11905)     (-0.161778,0.0785952,1.11704)     (0.212717,0.167172,0.908398)     (0.20825,-0.113137,0.88046)     (0.317467,0.0649707,0.764471)     (0.301318,0.0765305,0.728788)     
End frame 128;
At time 1415093625 Begin frame 129: (0.0624071,0.162995,0.925823)     (0.0500718,0.185146,0.941104)     (-0.0315557,0.314269,0.943768)     (0.0147246,0.359076,0.845769)     (-0.126358,0.194494,0.880246)     (-0.141885,0.332814,0.907648)     (-0.0258678,0.177685,0.874009)     (0.0208344,0.147422,0.863674)     (0.110447,0.248023,0.871341)     (0.241444,0.274021,0.831907)     (0.385708,0.248312,0.845453)     (0.426648,0.208444,0.837506)     (0.0140268,0.0987806,0.916974)     (-0.0481924,0.134142,1.19986)     (-0.23176,0.0769007,1.11089)     (-0.148881,0.0651063,1.10594)     (0.167119,0.127477,0.925897)     (0.125727,-0.171149,0.907683)     (0.184019,0.117544,0.818026)     (0.168709,0.0537269,0.852754)     
End frame 129;
At time 1415093625 Begin frame 130: (0.0243399,0.141612,0.938909)     (0.0216329,0.16889,0.948901)     (-0.0310841,0.313392,0.939151)     (0.0199525,0.358096,0.840843)     (-0.139486,0.242418,0.900523)     (-0.0761492,0.316387,0.898347)     (0.0574054,0.167939,0.867058)     (0.10508,0.135129,0.86248)     (0.0718266,0.21839,0.874513)     (0.133883,0.124749,0.852041)     (0.218455,0.0335705,0.873384)     (0.242891,-0.0109744,0.879697)     (-0.0183465,0.0852516,0.94507)     (-0.0386692,0.137766,1.22983)     (-0.221645,0.0713831,1.12157)     (-0.145038,0.0603321,1.10455)     (0.093587,0.0982667,0.935767)     (0.0484562,-0.206553,0.955801)     (0.0708502,0.135158,0.866473)     (0.149459,0.0426137,0.870051)     
End frame 130;
At time 1415093625 Begin frame 131: (-0.0364594,0.139619,0.93123)     (-0.0330686,0.165712,0.942554)     (-0.0327437,0.311398,0.935565)     (0.0385983,0.337553,0.840217)     (-0.146642,0.267013,0.91136)     (-0.0274315,0.292546,0.870717)     (0.0923389,0.155544,0.822976)     (0.12836,0.0940414,0.814174)     (0.053416,0.205903,0.875877)     (0.0918856,0.07274,0.848089)     (0.173423,-0.0130663,0.87585)     (0.211346,-0.0462148,0.874552)     (-0.082594,0.0978654,0.927681)     (-0.0284873,0.133027,1.21203)     (-0.211828,0.0644571,1.11365)     (-0.137979,0.0567955,1.10191)     (0.00535326,0.087852,0.932881)     (0.0428931,-0.201115,0.966979)     (0.0472355,0.157725,0.871309)     (0.118246,0.0619733,0.868192)     
End frame 131;
At time 1415093625 Begin frame 132: (-0.107875,0.144749,0.975134)     (-0.0957078,0.172099,0.977311)     (-0.0390252,0.306414,0.931425)     (0.04527,0.329378,0.841102)     (-0.149195,0.274732,0.915114)     (-0.00823507,0.290008,0.860533)     (0.105963,0.146007,0.808608)     (0.139823,0.104289,0.799749)     (0.040258,0.197732,0.876412)     (0.0701627,0.0427699,0.847527)     (0.0201708,0.0529836,0.926587)     (-0.00435594,0.0616482,0.955636)     (-0.159865,0.119799,0.981547)     (0.0103102,0.126139,1.22269)     (-0.181337,0.056984,1.12124)     (-0.10375,0.0524058,1.1081)     (-0.0900661,0.0935725,0.993054)     (-0.09619,-0.175836,1.11516)     (-0.105206,0.174848,1.01803)     (-0.0504976,0.117373,0.992196)     
End frame 132;
At time 1415093625 Begin frame 133: (-0.12946,0.137292,0.996856)     (-0.116279,0.168246,0.991203)     (-0.0486028,0.297826,0.926513)     (0.0137598,0.356048,0.846274)     (-0.150776,0.279397,0.917447)     (-0.101944,0.180742,0.838001)     (0.0491802,0.099358,0.824978)     (0.130456,0.079161,0.805928)     (0.0306833,0.191592,0.876278)     (0.0565866,0.0231043,0.846144)     (-0.0555228,0.0647816,0.904475)     (-0.0907933,0.0852238,0.926449)     (-0.172042,0.116618,1.02521)     (0.0393824,0.131196,1.24597)     (-0.156603,0.0588501,1.13798)     (-0.0692846,0.0544262,1.12201)     (-0.0882552,0.0784215,1.00909)     (-0.111491,-0.1756,1.16438)     (-0.0719331,0.0949085,1.07334)     (-0.0142034,0.0775615,0.989983)     
End frame 133;
At time 1415093625 Begin frame 134: (-0.143962,0.172576,1.02728)     (-0.132405,0.197386,1.01329)     (-0.0558696,0.291873,0.922186)     (-0.0120572,0.376287,0.84998)     (-0.145231,0.243911,0.904744)     (-0.143971,0.0893796,0.818731)     (0.0445361,0.0740604,0.827925)     (0.124545,0.0725726,0.817942)     (0.0240764,0.187463,0.875821)     (0.053779,0.0140131,0.842029)     (-0.0312087,0.126323,0.892465)     (-0.103599,0.149063,0.922286)     (-0.198875,0.166733,1.06464)     (0.0579377,0.112104,1.24014)     (-0.187662,0.0548957,1.10411)     (-0.122047,0.071828,1.1088)     (-0.11468,0.131527,1.05378)     (-0.139363,-0.162991,1.19894)     (-0.119286,0.105464,1.11486)     (-0.0528138,0.0948629,1.01827)     
End frame 134;
At time 1415093625 Begin frame 135: (-0.105194,0.203369,0.816689)     (-0.104372,0.203897,0.836809)     (-0.0778641,0.257858,0.898816)     (-0.0931541,0.387029,0.885659)     (-0.148794,0.201014,0.885663)     (-0.169497,0.25826,0.902577)     (-0.0115584,0.26849,0.832428)     (0.0599502,0.237566,0.809834)     (0.0114027,0.171785,0.864007)     (0.0532731,0.00148634,0.828161)     (-0.112472,0.128788,0.874941)     (-0.174298,0.176681,0.893489)     (-0.131346,0.206576,0.758627)     (-0.0115403,0.121163,1.11699)     (-0.211287,0.0463109,1.07886)     (-0.132835,0.0711741,1.10353)     (-0.082949,0.173867,0.793318)     (-0.0995199,-0.0529147,1.14258)     (-0.0804862,0.148647,1.11379)     (-0.0666249,0.126188,1.03434)     
End frame 135;
At time 1415093625 Begin frame 136: (-0.116488,0.215838,0.791246)     (-0.114312,0.211313,0.806588)     (-0.0936737,0.243201,0.887089)     (-0.137457,0.392657,0.902755)     (-0.154123,0.182316,0.876392)     (-0.201142,0.245538,0.903748)     (-0.0516906,0.295555,0.838125)     (-3.00929e-005,0.3093,0.806183)     (0.000937111,0.163071,0.855831)     (0.0520457,-0.00380293,0.818042)     (-0.121001,0.147142,0.856841)     (-0.178943,0.202264,0.871148)     (-0.144009,0.226571,0.738553)     (-0.0209763,0.114401,1.08278)     (-0.2216,0.0487104,1.01157)     (-0.150474,0.0672309,1.05829)     (-0.101083,0.188711,0.773057)     (-0.0836115,-0.00226836,1.12854)     (-0.0519218,0.172168,1.11519)     (-0.0456532,0.147208,1.02715)     
End frame 136;
At time 1415093625 Begin frame 137: (0,0,0)     (0,0,0)     (0,0,0)     (-0.0448671,0.0780046,0.318838)     (0,0,0)     (-0.0531998,0.0720788,0.274578)     (-0.0601234,0.137516,0.400084)     (-0.0745631,0.364707,0.830469)     (0,0,0)     (-0.00688383,0.0290251,0.285224)     (-0.0656976,0.119508,0.445494)     (-0.0870578,0.151721,0.495897)     (0,0,0)     (-0.00771439,0.0431675,0.466448)     (-0.206356,0.0158061,0.432857)     (-0.182195,0.0243379,0.513626)     (0,0,0)     (-0.00805844,0.0430131,0.466374)     (-0.00177863,0.292481,1.10763)     (-0.0373529,0.276585,1.02703)     
End frame 137;
