                           Hip Center      Spine      Shoulder Center      Head      Shoulder Left      Elbow Left      Wrist Left      Hand Left      Hip Left      Knee Left      Ankle Right      Foot Left      Hip Right      Knee Right      Ankle Right      Foot Right   
At time 1415089573 Begin frame 0: (0.247879,0.317643,2.2079)     (0.24766,0.322022,2.24678)     (0.223731,0.445497,2.27484)     (0.205474,0.620609,2.24783)     (0.0940363,0.393036,2.25098)     (-0.0324139,0.385233,2.23744)     (-0.0866569,0.411095,2.06752)     (-0.123267,0.468423,1.84624)     (0.335874,0.350533,2.19559)     (0.416064,0.286879,2.03979)     (0.479545,0.252596,1.87492)     (0.496243,0.279547,1.68291)     (0.202332,0.280258,2.18361)     (0.463236,0.39198,2.1069)     (0.41481,0.258167,1.82466)     (0.404645,0.280035,1.75311)     (0.311159,0.261131,2.17622)     (0.516727,0.287081,1.9616)     (0.610059,0.198306,1.76296)     (0.535449,0.180847,1.72212)     
End frame 0;
At time 1415089573 Begin frame 1: (0.23119,0.385905,2.26587)     (0.235743,0.381965,2.29601)     (0.222122,0.444211,2.28401)     (0.199717,0.617399,2.27026)     (0.0867604,0.391123,2.2615)     (-0.0237912,0.398198,2.20308)     (-0.07949,0.423376,2.03764)     (-0.125782,0.471186,1.84939)     (0.333535,0.349104,2.19955)     (0.407272,0.303619,2.04454)     (0.468999,0.28318,1.88255)     (0.507201,0.287301,1.69025)     (0.184317,0.349623,2.23631)     (0.446156,0.374707,2.1068)     (0.39488,0.236395,1.81457)     (0.381022,0.249124,1.74092)     (0.295776,0.329996,2.22967)     (0.48449,0.266247,2.00461)     (0.617232,0.158161,1.83861)     (0.541645,0.152623,1.79516)     
End frame 1;
At time 1415089573 Begin frame 2: (0.22352,0.407574,2.29847)     (0.227008,0.396134,2.32178)     (0.214731,0.436328,2.30456)     (0.192209,0.608238,2.30008)     (0.0755444,0.389197,2.29127)     (-0.0252054,0.407681,2.20668)     (-0.0784088,0.428163,2.03794)     (-0.141592,0.482239,1.86366)     (0.3117,0.343421,2.22583)     (0.390132,0.322518,2.07511)     (0.453137,0.316189,1.91577)     (0.485493,0.314464,1.83082)     (0.180884,0.375909,2.26425)     (0.436716,0.365439,2.10367)     (0.334878,0.22111,1.81364)     (0.326116,0.215882,1.73196)     (0.290945,0.352631,2.2687)     (0.467445,0.260119,2.02531)     (0.617239,0.140854,1.87966)     (0.542175,0.143292,1.83299)     
End frame 2;
At time 1415089573 Begin frame 3: (0.220698,0.407841,2.31836)     (0.224588,0.393539,2.34121)     (0.211184,0.427283,2.33396)     (0.182104,0.590981,2.3386)     (0.0762676,0.380213,2.32201)     (-0.0120015,0.410949,2.1991)     (-0.0760723,0.430923,2.03643)     (-0.149681,0.486849,1.87462)     (0.299905,0.33936,2.24343)     (0.376743,0.333351,2.09501)     (0.448157,0.33865,1.96076)     (0.483525,0.33016,1.90199)     (0.18031,0.379434,2.28256)     (0.468428,0.308659,2.03951)     (0.275384,0.194097,1.79323)     (0.279968,0.183774,1.70698)     (0.286779,0.359554,2.28701)     (0.543149,0.357786,2.05987)     (0.707684,0.232309,1.92413)     (0.632258,0.219641,1.87732)     
End frame 3;
At time 1415089573 Begin frame 4: (0.203508,0.299453,2.29922)     (0.210755,0.306657,2.33695)     (0.21124,0.412337,2.3672)     (0.176483,0.572645,2.36113)     (0.0780011,0.371516,2.34107)     (0.000673777,0.408629,2.20135)     (-0.070176,0.431361,2.04848)     (-0.158534,0.490091,1.88859)     (0.271813,0.318425,2.27761)     (0.365645,0.329986,2.12436)     (0.440693,0.341322,2.00633)     (0.53811,0.341402,1.84029)     (0.161555,0.275166,2.28531)     (0.46552,0.23006,2.0196)     (0.203891,0.174217,1.80975)     (0.228802,0.163877,1.72579)     (0.245505,0.251424,2.2561)     (0.534425,0.352964,2.06591)     (0.702668,0.22355,1.93425)     (0.636976,0.225907,1.88989)     
End frame 4;
At time 1415089573 Begin frame 5: (0.186246,0.284651,2.33097)     (0.196161,0.282108,2.36298)     (0.207303,0.391626,2.39538)     (0.176858,0.534126,2.3904)     (0.0780438,0.355377,2.36248)     (-0.0120841,0.362679,2.31259)     (-0.0702472,0.396946,2.16549)     (-0.0997077,0.428071,2.1244)     (0.252617,0.296469,2.30591)     (0.355954,0.318808,2.15179)     (0.437595,0.338136,2.04314)     (0.492243,0.340524,1.96127)     (0.142284,0.261556,2.31821)     (0.453716,0.198381,2.02426)     (0.149183,0.172968,1.85056)     (0.186542,0.161056,1.77109)     (0.220196,0.242689,2.29007)     (0.496366,0.35795,2.10176)     (0.661043,0.232732,1.97377)     (0.6029,0.23849,1.92028)     
End frame 5;
At time 1415089573 Begin frame 6: (0.168476,0.279793,2.37363)     (0.179266,0.272787,2.40455)     (0.213902,0.364566,2.42606)     (0.171483,0.494154,2.41644)     (0.119307,0.341279,2.39938)     (0.0178703,0.339202,2.40276)     (-0.04121,0.376467,2.26179)     (-0.0501004,0.407778,2.23732)     (0.257004,0.274203,2.34579)     (0.359526,0.296405,2.19585)     (0.436876,0.327072,2.0821)     (0.452764,0.306482,2.04326)     (0.119876,0.26966,2.36321)     (0.429721,0.261837,2.11462)     (0.227393,0.218629,1.92921)     (0.235239,0.198071,1.84882)     (0.18072,0.244189,2.34349)     (0.466003,0.342489,2.1219)     (0.612649,0.223331,2.00077)     (0.563473,0.235045,1.94239)     
End frame 6;
At time 1415089573 Begin frame 7: (0.191548,0.174793,2.14196)     (0.193226,0.179432,2.21752)     (0.236307,0.346932,2.47831)     (0.166229,0.470384,2.42931)     (0.16039,0.333053,2.45217)     (0.0539838,0.326527,2.48669)     (-0.00455488,0.365379,2.34835)     (-0.0117115,0.380876,2.33537)     (0.276871,0.26264,2.39526)     (0.382198,0.275308,2.26323)     (0.444844,0.314398,2.1326)     (0.451529,0.307357,2.10737)     (0.155849,0.174253,2.1125)     (0.477757,0.199035,2.0556)     (0.257138,0.186936,1.86439)     (0.262513,0.176301,1.78833)     (0.21352,0.144652,2.11015)     (0.418834,0.194799,1.835)     (0.555535,0.0872168,1.70873)     (0.490873,0.111195,1.67961)     
End frame 7;
At time 1415089573 Begin frame 8: (0.226225,0.295165,2.41011)     (0.273778,0.311505,2.37238)     (0.450015,0.312299,2.13552)     (0.329555,0.419402,2.22811)     (0.359162,0.298535,2.15244)     (0.25466,0.295319,2.16456)     (0.132479,0.34415,2.09209)     (0.136743,0.36329,2.05047)     (0.485663,0.229669,2.09258)     (0.583802,0.231408,1.96099)     (0.533604,0.333359,1.99236)     (0.51086,0.363527,2.01608)     (0.172991,0.314369,2.47372)     (0.487169,0.293031,2.2423)     (0.273851,0.24439,2.07505)     (0.277367,0.228235,1.99615)     (0.230337,0.281942,2.4167)     (0.416654,0.310867,2.16075)     (0.553266,0.20417,2.031)     (0.513638,0.196753,1.95809)     
End frame 8;
At time 1415089573 Begin frame 9: (0.413912,0.316526,2.19529)     (0.436274,0.342462,2.18414)     (0.486036,0.299673,2.11954)     (0.354709,0.392459,2.20968)     (0.422424,0.289823,2.09867)     (0.311012,0.284289,2.13698)     (0.169952,0.336352,2.10819)     (0.178308,0.35136,2.08326)     (0.537355,0.21897,2.04331)     (0.634896,0.218852,1.91725)     (0.555408,0.335149,1.99054)     (0.544427,0.388268,1.97297)     (0.286676,0.333154,2.29877)     (0.58836,0.326022,2.25534)     (0.444267,0.267142,2.01301)     (0.404117,0.218823,1.99151)     (0.3329,0.30093,2.41415)     (0.51419,0.388888,2.23418)     (0.648945,0.285339,2.1067)     (0.605524,0.268126,2.03945)     
End frame 9;
At time 1415089573 Begin frame 10: (0.457166,0.312855,2.14435)     (0.47521,0.350246,2.12973)     (0.516977,0.321112,2.06257)     (0.372377,0.394508,2.19933)     (0.354721,0.290565,1.80596)     (0.273783,0.248273,1.81639)     (0.119553,0.314515,1.85715)     (0.0841846,0.334651,1.87488)     (0.597435,0.225937,1.96199)     (0.505016,0.329558,2.05564)     (0.560127,0.379475,1.94436)     (0.552165,0.431583,1.92711)     (0.272847,0.262098,2.09455)     (0.213605,0.341438,2.38585)     (0.263904,0.286275,2.09997)     (0.319684,0.234379,2.07415)     (0.324272,0.232473,2.31504)     (0.537242,0.374808,2.28312)     (0.673185,0.27161,2.15351)     (0.613223,0.248565,2.1234)     
End frame 10;
At time 1415089573 Begin frame 11: (0.439522,0.324177,2.15927)     (0.453069,0.36238,2.14722)     (0.518614,0.331292,2.06288)     (0.3746,0.400569,2.20778)     (0.343868,0.291809,1.76173)     (0.261115,0.190974,1.68505)     (0.141301,0.273471,1.76698)     (0.141691,0.305271,1.75906)     (0.600677,0.236499,1.95685)     (0.511734,0.326736,2.06481)     (0.552013,0.407819,1.96036)     (0.560432,0.445637,1.91515)     (0.25166,0.293765,2.18107)     (0.1781,0.368858,2.48403)     (0.22582,0.282518,2.1676)     (0.252383,0.222532,2.15181)     (0.349176,0.268213,2.37799)     (0.553465,0.358081,2.28007)     (0.699206,0.244612,2.14003)     (0.623124,0.231737,2.14184)     
End frame 11;
At time 1415089573 Begin frame 12: (0.439005,0.329357,2.16248)     (0.450097,0.367714,2.15127)     (0.523618,0.344618,2.06352)     (0.37848,0.40612,2.2172)     (0.339959,0.29919,1.76511)     (0.244015,0.182638,1.67653)     (0.123747,0.263584,1.75811)     (0.116862,0.299728,1.7265)     (0.60495,0.250549,1.95648)     (0.517643,0.342595,2.07156)     (0.534163,0.423775,1.96546)     (0.553501,0.455264,1.91419)     (0.245523,0.294558,2.17636)     (0.123219,0.356058,2.49563)     (0.251814,0.19534,2.35479)     (0.258182,0.202169,2.28935)     (0.351948,0.276051,2.38987)     (0.565431,0.353354,2.28869)     (0.715955,0.236506,2.14487)     (0.629707,0.220342,2.1518)     
End frame 12;
At time 1415089574 Begin frame 13: (0.488953,0.345678,2.08949)     (0.483849,0.376352,2.09961)     (0.526732,0.360151,2.06394)     (0.381624,0.414694,2.22767)     (0.337408,0.302937,1.76523)     (0.287752,0.191936,1.63357)     (0.159288,0.262398,1.7188)     (0.150939,0.305172,1.69482)     (0.608376,0.26731,1.95663)     (0.507627,0.352206,2.09187)     (0.524065,0.429214,1.97139)     (0.5441,0.457428,1.91813)     (0.31392,0.256417,1.92552)     (0.197866,0.323925,2.27684)     (0.226423,0.155607,2.00816)     (0.176818,0.106858,2.01036)     (0.354032,0.213033,2.17904)     (0.655732,0.349419,2.05206)     (0.807552,0.231773,1.91083)     (0.834442,0.204795,1.85409)     
End frame 13;
At time 1415089574 Begin frame 14: (0.436764,0.32887,2.12417)     (0.443989,0.367443,2.12663)     (0.526681,0.375075,2.06829)     (0.371515,0.429234,2.24839)     (0.34142,0.308097,1.77235)     (0.265059,0.181341,1.66476)     (0.141839,0.258742,1.74759)     (0.136107,0.302107,1.72092)     (0.595111,0.283923,1.97743)     (0.502643,0.35839,2.10323)     (0.523298,0.434528,1.97636)     (0.543793,0.461248,1.92819)     (0.219587,0.236387,2.07139)     (0.128792,0.359036,2.44542)     (0.173425,0.161968,2.17663)     (0.174651,0.116528,2.15436)     (0.334095,0.20649,2.28552)     (0.59791,0.357932,2.18597)     (0.748713,0.240508,2.04506)     (0.682642,0.217369,2.03758)     
End frame 14;
At time 1415089574 Begin frame 15: (0.436412,0.314065,2.05796)     (0.428134,0.339274,2.08441)     (0.516237,0.384755,2.08476)     (0.365536,0.438911,2.26005)     (0.335721,0.304694,1.76816)     (0.271822,0.166627,1.6516)     (0.14897,0.247133,1.73648)     (0.142484,0.293342,1.71031)     (0.585086,0.29461,1.99255)     (0.499484,0.362788,2.11068)     (0.534778,0.428689,1.98513)     (0.55045,0.456548,1.9362)     (0.269047,0.200747,1.88642)     (0.187611,0.308897,2.26467)     (0.1987,0.131895,1.99583)     (0.240555,0.110017,1.93396)     (0.333125,0.152169,2.07895)     (0.520069,0.194041,1.74147)     (0.672082,0.0783934,1.60008)     (0.712179,0.0601015,1.55117)     
End frame 15;
At time 1415089574 Begin frame 16: (0.433301,0.338197,2.10057)     (0.427523,0.364489,2.10665)     (0.5112,0.39057,2.09156)     (0.361324,0.445372,2.2665)     (0.334955,0.30011,1.79229)     (0.264806,0.166377,1.68301)     (0.14333,0.248683,1.76671)     (0.138506,0.29196,1.73199)     (0.578173,0.30194,2.00159)     (0.497346,0.366041,2.11566)     (0.540633,0.424816,1.98744)     (0.558295,0.447157,1.94141)     (0.213744,0.254181,2.07827)     (0.203237,0.237795,2.3634)     (0.166385,0.147017,2.097)     (0.187364,0.0900787,2.05624)     (0.334386,0.225116,2.31921)     (0.562482,0.390377,2.30007)     (0.712224,0.276108,2.16016)     (0.650881,0.249845,2.12377)     
End frame 16;
At time 1415089574 Begin frame 17: (0.436289,0.334346,2.06474)     (0.424877,0.354548,2.08981)     (0.507374,0.394261,2.0946)     (0.357828,0.449735,2.27022)     (0.337383,0.298323,1.81082)     (0.268587,0.175923,1.72275)     (0.144514,0.255933,1.79163)     (0.118348,0.296202,1.80918)     (0.572771,0.30673,2.00645)     (0.495856,0.368152,2.11859)     (0.547015,0.415483,1.98578)     (0.566584,0.430031,1.94136)     (0.282666,0.213267,1.87254)     (0.209951,0.24464,2.24512)     (0.203815,0.130418,1.95287)     (0.252905,0.111078,1.88906)     (0.334106,0.150226,2.09639)     (0.298832,0.3014,1.83311)     (0.473428,0.189945,1.72355)     (0.516506,0.176578,1.67618)     
End frame 17;
At time 1415089574 Begin frame 18: (0.435456,0.329329,2.04749)     (0.420425,0.344666,2.07482)     (0.500292,0.394234,2.09327)     (0.353382,0.452551,2.2717)     (0.342633,0.275052,1.80764)     (0.258059,0.175333,1.7483)     (0.139632,0.261621,1.81384)     (0.0995784,0.300522,1.85893)     (0.566354,0.308938,2.00871)     (0.493868,0.368203,2.11827)     (0.549245,0.397714,1.97821)     (0.568882,0.402763,1.93389)     (0.292797,0.19596,1.81865)     (0.244548,0.202771,2.19349)     (0.175264,0.155112,2.11038)     (0.195866,0.121436,1.98981)     (0.331201,0.132134,2.04602)     (0.254777,0.304162,1.80466)     (0.405596,0.189183,1.66343)     (0.462269,0.174228,1.60457)     
End frame 18;
At time 1415089574 Begin frame 19: (0.434993,0.326773,2.03933)     (0.41804,0.337975,2.06737)     (0.47985,0.3805,2.08037)     (0.343027,0.451923,2.26788)     (0.335741,0.241428,1.79662)     (0.251691,0.147499,1.74299)     (0.13132,0.243389,1.82022)     (0.0811671,0.271206,1.87164)     (0.551888,0.303831,2.00571)     (0.486057,0.361287,2.11077)     (0.542516,0.369947,1.96453)     (0.561573,0.367769,1.92044)     (0.304668,0.182748,1.78355)     (0.25764,0.18742,2.17115)     (0.173646,0.154084,2.10881)     (0.180575,0.129235,2.01605)     (0.330083,0.122706,2.02259)     (0.211433,0.302117,1.76215)     (0.440127,0.23523,1.7003)     (0.510307,0.230166,1.64774)     
End frame 19;
At time 1415089574 Begin frame 20: (0.488199,0.343768,2.01503)     (0.478641,0.323035,2.03021)     (0.456807,0.352796,2.06707)     (0.330212,0.446377,2.26047)     (0.325964,0.213364,1.78466)     (0.220541,0.161363,1.80924)     (0.0865973,0.261196,1.88293)     (0.0309145,0.288844,1.9312)     (0.529988,0.284443,1.99825)     (0.47064,0.341285,2.09857)     (0.528523,0.333986,1.9504)     (0.547791,0.328644,1.90703)     (0.172932,0.253608,2.07959)     (0.232182,0.203888,2.3564)     (0.170155,0.158908,2.13863)     (0.149872,0.192516,2.08378)     (0.292559,0.240401,2.36433)     (0.152001,0.45145,2.63412)     (0.377379,0.403142,2.57299)     (0.332811,0.40965,2.50282)     
End frame 20;
At time 1415089574 Begin frame 21: (0.299877,0.270967,2.39092)     (0.319502,0.302848,2.32829)     (0.436954,0.322313,2.05611)     (0.313898,0.429231,2.24434)     (0.309698,0.188132,1.7754)     (0.211098,0.202645,1.87158)     (0.0544186,0.309383,1.9046)     (-0.00565085,0.335348,1.94215)     (0.508481,0.258764,1.98942)     (0.452796,0.316628,2.08771)     (0.484047,0.33444,1.93902)     (0.499892,0.344763,1.89796)     (0.168296,0.231191,2.39053)     (0.372374,0.137898,2.27022)     (0.299934,0.104027,2.06062)     (0.22071,0.133333,2.03498)     (0.33862,0.274354,2.47863)     (0.0981125,0.469536,2.69469)     (0.298398,0.369422,2.52928)     (0.257162,0.364332,2.43814)     
End frame 21;
At time 1415089574 Begin frame 22: (0.25668,0.242601,2.39622)     (0.282789,0.270438,2.33117)     (0.42357,0.280327,2.04199)     (0.30826,0.41292,2.23033)     (0.299274,0.1649,1.76708)     (0.212985,0.218514,1.89145)     (0.044302,0.320713,1.91188)     (-0.0188729,0.348793,1.94475)     (0.489286,0.216713,1.97469)     (0.434604,0.276547,2.07297)     (0.462129,0.332469,1.93084)     (0.477958,0.352182,1.88775)     (0.0940377,0.208065,2.42803)     (0.414118,0.172956,2.3284)     (0.350965,0.126868,2.08381)     (0.308949,0.104169,2.06548)     (0.305942,0.258115,2.49714)     (0.163646,0.484982,2.70696)     (0.351543,0.34082,2.47571)     (0.27785,0.361594,2.41573)     
End frame 22;
At time 1415089574 Begin frame 23: (0.204555,0.207722,2.34669)     (0.232503,0.245899,2.30064)     (0.415621,0.255151,2.03535)     (0.303326,0.395887,2.21072)     (0.290215,0.145585,1.761)     (0.211117,0.222255,1.90339)     (0.0353249,0.322294,1.91159)     (-0.0280553,0.353091,1.94093)     (0.477518,0.189135,1.96636)     (0.422601,0.25005,2.06518)     (0.451537,0.328193,1.92597)     (0.464364,0.353297,1.88042)     (0.0739266,0.186267,2.35979)     (0.427274,0.198721,2.36088)     (0.374549,0.134998,2.09029)     (0.353237,0.0862891,2.07892)     (0.291891,0.238252,2.40909)     (0.471515,0.264926,2.14852)     (0.634065,0.265647,2.30307)     (0.542589,0.287778,2.26965)     
End frame 23;
At time 1415089574 Begin frame 24: (0.163526,0.271943,2.48004)     (0.179837,0.280687,2.47418)     (0.230415,0.342291,2.40503)     (0.19656,0.492007,2.38486)     (0.118193,0.350513,2.42092)     (0.0712849,0.401049,2.48646)     (-0.00585863,0.404878,2.28211)     (-0.0418219,0.445926,2.28787)     (0.314929,0.240126,2.33142)     (0.365442,0.240969,2.1309)     (0.418763,0.286531,1.95685)     (0.438884,0.315474,1.82309)     (0.0231901,0.301052,2.46437)     (0.351972,0.208997,2.3507)     (0.335079,0.147696,2.09164)     (0.263843,0.134326,2.03066)     (0.287928,0.225326,2.55163)     (0.40056,0.239022,2.24237)     (0.587889,0.275566,2.41806)     (0.487357,0.29122,2.33638)     
End frame 24;
At time 1415089574 Begin frame 25: (0.176439,0.293272,2.5131)     (0.191357,0.316773,2.51325)     (0.198363,0.335735,2.43371)     (0.177924,0.504262,2.39743)     (0.103794,0.355284,2.44391)     (0.0517213,0.441738,2.57436)     (-0.0185778,0.422541,2.3587)     (-0.15457,0.421874,1.96078)     (0.283047,0.230299,2.36211)     (0.343127,0.234644,2.15388)     (0.402186,0.250598,1.96979)     (0.435987,0.266547,1.77824)     (0.0841239,0.330017,2.54872)     (0.348945,0.215648,2.34489)     (0.303479,0.154744,2.07809)     (0.256417,0.114729,2.01815)     (0.285694,0.224391,2.57863)     (0.434655,0.210034,2.21318)     (0.463578,0.238866,1.9573)     (0.422698,0.203034,1.88437)     
End frame 25;
At time 1415089574 Begin frame 26: (0.181301,0.299661,2.45421)     (0.198164,0.318246,2.46747)     (0.193916,0.364869,2.41792)     (0.168565,0.528857,2.39992)     (0.107671,0.379897,2.43099)     (0.0229058,0.393904,2.30437)     (-0.0697862,0.37954,2.12768)     (-0.173622,0.39174,1.92615)     (0.266581,0.244997,2.38192)     (0.332598,0.229491,2.16096)     (0.407422,0.210117,1.9592)     (0.451746,0.205909,1.74823)     (0.0804599,0.29533,2.45221)     (0.360546,0.240857,2.30884)     (0.308877,0.172238,2.06127)     (0.340534,0.175286,1.96905)     (0.289679,0.227189,2.50087)     (0.469471,0.201901,2.15715)     (0.53118,0.221623,1.88687)     (0.497048,0.186005,1.81041)     
End frame 26;
At time 1415089574 Begin frame 27: (0.197973,0.308927,2.39788)     (0.204999,0.322441,2.4176)     (0.192795,0.382884,2.38821)     (0.17123,0.542811,2.35366)     (0.102752,0.380181,2.40841)     (0.0918839,0.514908,2.42707)     (0.0836358,0.351596,2.27662)     (0.0534041,0.303826,2.19052)     (0.288632,0.303633,2.36697)     (0.331208,0.235009,2.1691)     (0.411425,0.192245,1.96741)     (0.48553,0.15388,1.74987)     (0.135004,0.280976,2.34152)     (0.413801,0.249566,2.26248)     (0.457797,0.127185,2.05607)     (0.494261,0.135625,1.96455)     (0.28597,0.232508,2.4732)     (0.488504,0.207923,2.14873)     (0.538121,0.243862,1.86366)     (0.532851,0.207181,1.82818)     
End frame 27;
At time 1415089574 Begin frame 28: (0.192682,0.330796,2.34814)     (0.196221,0.339768,2.3698)     (0.18661,0.402172,2.34073)     (0.165818,0.56951,2.32821)     (0.104861,0.38551,2.36605)     (0.108427,0.547099,2.40353)     (0.11116,0.347479,2.27853)     (0.0905325,0.283288,2.20599)     (0.300035,0.32,2.32871)     (0.378595,0.231566,2.17551)     (0.440329,0.168663,1.97448)     (0.500836,0.145628,1.88386)     (0.124273,0.298836,2.29072)     (0.48576,0.235115,2.18878)     (0.524559,0.0459127,2.0461)     (0.547648,0.088761,1.94861)     (0.281591,0.251436,2.38854)     (0.531633,0.191119,2.1283)     (0.538488,0.201086,1.8325)     (0.549536,0.137492,1.80053)     
End frame 28;
At time 1415089574 Begin frame 29: (0.203232,0.34209,2.2728)     (0.200911,0.352418,2.30147)     (0.182644,0.428791,2.2978)     (0.168136,0.592082,2.27205)     (0.09649,0.394042,2.33576)     (0.129952,0.583196,2.34315)     (0.139165,0.351285,2.25073)     (0.139349,0.267612,2.23283)     (0.302962,0.364108,2.3184)     (0.316793,0.205526,2.17764)     (0.249055,0.240861,2.19908)     (0.219245,0.262415,2.22941)     (0.134477,0.29179,2.21856)     (0.466866,0.252233,2.20984)     (0.577958,0.0706672,2.08118)     (0.585194,0.0851735,1.98606)     (0.277519,0.275371,2.29869)     (0.543267,0.128265,2.1602)     (0.601734,0.1485,1.92306)     (0.563149,0.102528,1.86053)     
End frame 29;
At time 1415089574 Begin frame 30: (0.204552,0.332473,2.19664)     (0.201599,0.345561,2.22318)     (0.184055,0.451356,2.24032)     (0.172518,0.609471,2.21783)     (0.0901533,0.40023,2.30331)     (0.14341,0.580861,2.26484)     (0.145914,0.343892,2.20985)     (0.154918,0.260929,2.22928)     (0.31715,0.387937,2.27055)     (0.283446,0.195257,2.16647)     (0.193678,0.252078,2.25451)     (0.167479,0.266772,2.30803)     (0.140742,0.271159,2.15205)     (0.534187,0.249025,2.19098)     (0.619852,0.0926872,2.0373)     (0.606094,0.0784364,1.95479)     (0.266993,0.27487,2.20538)     (0.560272,0.116128,2.19184)     (0.62824,0.120748,1.91623)     (0.577821,0.0823674,1.90264)     
End frame 30;
At time 1415089574 Begin frame 31: (0.208004,0.328754,2.15472)     (0.206731,0.344899,2.17983)     (0.21397,0.481167,2.19045)     (0.170841,0.626127,2.1681)     (0.0798592,0.39252,2.2304)     (0.143767,0.581555,2.2218)     (0.144456,0.351133,2.17113)     (0.155255,0.270553,2.19932)     (0.334639,0.396739,2.21382)     (0.27506,0.220877,2.14014)     (0.117127,0.317413,2.21221)     (0.0547723,0.343267,2.27191)     (0.140487,0.264448,2.13462)     (0.553971,0.248292,2.19702)     (0.632005,0.0774395,2.05233)     (0.568484,0.0734197,1.99711)     (0.265106,0.274193,2.13764)     (0.570905,0.191412,2.24011)     (0.682383,0.0769336,2.03857)     (0.609563,0.0691464,2.02161)     
End frame 31;
At time 1415089574 Begin frame 32: (0.211234,0.316233,2.10913)     (0.212399,0.33884,2.13761)     (0.227569,0.501187,2.15652)     (0.167022,0.637558,2.12993)     (0.0712786,0.390066,2.19044)     (0.139784,0.581837,2.1845)     (0.131413,0.365394,2.12551)     (0.143679,0.29015,2.1475)     (0.346445,0.403188,2.1703)     (0.290456,0.244459,2.11334)     (0.121481,0.329043,2.18868)     (0.0452529,0.359494,2.24369)     (0.143321,0.252299,2.09114)     (0.554476,0.237916,2.21729)     (0.602416,0.0617119,2.0704)     (0.57423,0.101182,2.10428)     (0.268631,0.255255,2.09153)     (0.550966,0.275288,2.27366)     (0.703696,0.0894044,2.19693)     (0.615421,0.093531,2.15906)     
End frame 32;
At time 1415089574 Begin frame 33: (0.212,0.309271,2.08727)     (0.213908,0.336939,2.11745)     (0.234781,0.522735,2.12489)     (0.16134,0.652847,2.1005)     (0.0802001,0.436006,2.14664)     (0.13559,0.592287,2.15905)     (0.0979013,0.401276,2.10685)     (0.0982563,0.333273,2.11872)     (0.336825,0.428112,2.13867)     (0.308189,0.281032,2.09646)     (0.1126,0.351681,2.15842)     (0.0292602,0.379716,2.2028)     (0.143901,0.247388,2.07598)     (0.539754,0.245839,2.25263)     (0.553765,0.0681814,2.10607)     (0.567034,0.115621,2.16899)     (0.266909,0.247869,2.07822)     (0.548627,0.285402,2.29658)     (0.590622,0.0721892,2.16594)     (0.559683,0.117773,2.20533)     
End frame 33;
At time 1415089574 Begin frame 34: (0.211389,0.306008,2.07207)     (0.214235,0.336008,2.10271)     (0.237446,0.531458,2.10898)     (0.159459,0.659215,2.08204)     (0.0797475,0.447008,2.1264)     (0.0469587,0.355254,2.11599)     (0.105238,0.262699,2.04238)     (0.114506,0.2582,2.0381)     (0.337201,0.435536,2.12184)     (0.428952,0.316189,2.1687)     (0.23119,0.352588,2.17087)     (0.133154,0.375169,2.18388)     (0.138625,0.244449,2.06345)     (0.452421,0.341942,2.20909)     (0.531885,0.119509,2.19202)     (0.561943,0.119701,2.19473)     (0.267124,0.247714,2.0502)     (0.506667,0.364446,2.27825)     (0.587768,0.141569,2.29499)     (0.526214,0.139921,2.25838)     
End frame 34;
At time 1415089574 Begin frame 35: (0.208884,0.305183,2.06077)     (0.212813,0.336557,2.09146)     (0.234239,0.536515,2.09451)     (0.159344,0.663655,2.06308)     (0.0784957,0.455055,2.11453)     (0.0331435,0.317444,2.08203)     (0.121453,0.21464,1.99014)     (0.153473,0.179813,1.96352)     (0.335775,0.441902,2.10858)     (0.464189,0.33916,2.18252)     (0.349757,0.421637,2.12066)     (0.290479,0.449441,2.10971)     (0.131054,0.245516,2.05584)     (0.454797,0.3134,2.25425)     (0.577544,0.152316,2.31158)     (0.561578,0.178191,2.29321)     (0.26581,0.248238,2.03397)     (0.480224,0.389225,2.26616)     (0.529355,0.148623,2.34455)     (0.498166,0.151622,2.27096)     
End frame 35;
At time 1415089574 Begin frame 36: (0.203744,0.309832,2.05013)     (0.205855,0.34405,2.07722)     (0.200141,0.528578,2.0573)     (0.159494,0.668364,2.04868)     (0.0771603,0.461741,2.10615)     (-0.0011032,0.30384,2.09901)     (0.11695,0.191264,1.97688)     (0.158143,0.158495,1.93774)     (0.333584,0.44734,2.09748)     (0.486506,0.353459,2.19489)     (0.389781,0.390665,2.07245)     (0.365265,0.417328,2.03413)     (0.125472,0.251211,2.04982)     (0.386332,0.422188,2.14622)     (0.541352,0.226158,2.33719)     (0.526396,0.174324,2.27834)     (0.26659,0.251044,2.02325)     (0.467048,0.383478,2.25534)     (0.501098,0.149175,2.34036)     (0.482026,0.15669,2.27217)     
End frame 36;
At time 1415089574 Begin frame 37: (0.195772,0.320911,2.04024)     (0.195617,0.355686,2.06369)     (0.183901,0.528162,2.03768)     (0.159976,0.673457,2.03413)     (0.0719565,0.503691,2.08345)     (0.00993466,0.320444,2.0656)     (0.116838,0.182127,1.96946)     (0.160287,0.143715,1.92318)     (0.331692,0.453133,2.08841)     (0.483661,0.358749,2.19362)     (0.396934,0.327458,2.05281)     (0.395794,0.335739,1.99621)     (0.115567,0.267541,2.04482)     (0.360678,0.463275,2.11597)     (0.521,0.257324,2.33774)     (0.516244,0.17064,2.27392)     (0.266633,0.256452,2.01823)     (0.453728,0.376984,2.24169)     (0.481746,0.142728,2.32019)     (0.46838,0.159946,2.2599)     
End frame 37;
At time 1415089574 Begin frame 38: (0.18988,0.328159,2.03204)     (0.189562,0.36267,2.05378)     (0.177245,0.529978,2.02717)     (0.161422,0.6791,2.02157)     (0.0698457,0.520676,2.07455)     (0.00952231,0.327159,2.05488)     (0.107481,0.1934,1.96777)     (0.154043,0.140925,1.91961)     (0.331474,0.460898,2.07652)     (0.481788,0.368305,2.18517)     (0.397108,0.279917,2.06422)     (0.395498,0.257808,2.01004)     (0.110204,0.27569,2.04014)     (0.329855,0.509799,2.06196)     (0.440274,0.258893,2.24665)     (0.485825,0.184226,2.24926)     (0.264789,0.260419,2.01176)     (0.451884,0.387949,2.19683)     (0.445874,0.162949,2.25797)     (0.483049,0.14612,2.23512)     
End frame 38;
At time 1415089574 Begin frame 39: (0.188679,0.334603,2.02273)     (0.188391,0.36988,2.04248)     (0.17643,0.54111,2.01586)     (0.165808,0.694081,2.00441)     (0.0690162,0.53025,2.06863)     (-0.00765646,0.367709,2.05854)     (0.0922388,0.21856,1.96994)     (0.102971,0.210275,1.9112)     (0.331531,0.47517,2.06284)     (0.470255,0.376672,2.16285)     (0.455155,0.432517,2.036)     (0.494412,0.392848,2.00766)     (0.112211,0.281808,2.03047)     (0.316517,0.53157,2.0421)     (0.437645,0.269406,2.18012)     (0.463643,0.199745,2.15608)     (0.265183,0.267664,2.0043)     (0.441558,0.447611,2.13196)     (0.439676,0.193347,2.23002)     (0.473558,0.143833,2.21444)     
End frame 39;
At time 1415089574 Begin frame 40: (0.199228,0.351649,2.0085)     (0.196554,0.385044,2.02774)     (0.178928,0.554004,2.00705)     (0.169007,0.706073,1.99255)     (0.0693908,0.536956,2.0637)     (-0.00995596,0.401791,2.0628)     (0.0716709,0.273069,1.9678)     (0.0863021,0.245404,1.91551)     (0.331844,0.486366,2.0527)     (0.456998,0.375399,2.12955)     (0.446676,0.467223,2.0307)     (0.466247,0.482171,2.00478)     (0.146136,0.309984,2.01238)     (0.191754,0.123876,1.92368)     (0.322781,-0.0441151,1.87044)     (0.300077,0.0125723,1.90006)     (0.268713,0.278937,1.99678)     (0.441057,0.488338,2.09318)     (0.446686,0.210497,2.18399)     (0.468686,0.14605,2.15372)     
End frame 40;
At time 1415089574 Begin frame 41: (0.203897,0.362295,1.99946)     (0.200985,0.395906,2.01769)     (0.184239,0.570119,1.99917)     (0.170275,0.718218,1.98172)     (0.076121,0.545203,2.05765)     (-0.0039591,0.433246,2.0595)     (0.0663702,0.286413,1.96415)     (0.067189,0.27356,1.90033)     (0.332191,0.495941,2.04355)     (0.440409,0.362875,2.0883)     (0.439412,0.508778,2.02121)     (0.448973,0.550204,2.00507)     (0.156311,0.323987,2.00153)     (0.154479,0.0668494,1.87988)     (0.279995,-0.101927,1.78072)     (0.23891,-0.0398905,1.80537)     (0.270786,0.293849,1.98821)     (0.440719,0.507355,2.07407)     (0.450654,0.222381,2.1578)     (0.463651,0.156297,2.10866)     
End frame 41;
At time 1415089574 Begin frame 42: (0.206959,0.372008,1.99157)     (0.204321,0.406431,2.00887)     (0.189083,0.586532,1.99246)     (0.170782,0.731195,1.97248)     (0.0815769,0.550672,2.05258)     (-0.00130068,0.447482,2.05692)     (0.0631768,0.294532,1.96193)     (0.0590997,0.284771,1.89222)     (0.332951,0.507591,2.03452)     (0.433736,0.369352,2.06392)     (0.426746,0.538319,2.01828)     (0.43302,0.587936,2.00678)     (0.160765,0.331792,1.99489)     (0.151642,0.00670245,1.86277)     (0.272123,-0.148279,1.74179)     (0.215638,-0.0686091,1.76828)     (0.27258,0.309935,1.97947)     (0.441269,0.517327,2.06473)     (0.452947,0.228585,2.14219)     (0.461067,0.16286,2.08535)     
End frame 42;
At time 1415089575 Begin frame 43: (0.207776,0.383391,1.98485)     (0.205073,0.417172,2.00221)     (0.19154,0.597464,1.98874)     (0.171183,0.740292,1.96664)     (0.0799467,0.585813,2.03436)     (0.00237485,0.458585,2.05349)     (0.0485684,0.342748,1.9454)     (0.0245169,0.36697,1.88499)     (0.334038,0.515349,2.02859)     (0.430604,0.371564,2.05296)     (0.417608,0.55055,2.01823)     (0.411524,0.604329,2.01161)     (0.15885,0.341231,1.98713)     (0.166112,0.0513986,1.85524)     (0.267114,-0.139915,1.73545)     (0.207662,-0.0631068,1.75979)     (0.27354,0.319072,1.9746)     (0.441023,0.525811,2.05655)     (0.45532,0.233667,2.13032)     (0.462359,0.170854,2.06841)     
End frame 43;
At time 1415089575 Begin frame 44: (0.208313,0.39186,1.98067)     (0.205921,0.425439,1.99819)     (0.193009,0.606799,1.98721)     (0.170958,0.747537,1.96242)     (0.0725156,0.578259,2.03354)     (-0.0152205,0.466648,2.06366)     (0.00655401,0.335518,2.06223)     (0.00399073,0.321793,2.04399)     (0.336078,0.524011,2.0243)     (0.427231,0.376069,2.04382)     (0.412585,0.558471,2.01547)     (0.402521,0.614266,2.00983)     (0.156886,0.346583,1.98264)     (0.153615,0.0633223,1.82959)     (0.325018,-0.0517297,1.76014)     (0.236819,-0.00787237,1.76514)     (0.276184,0.330187,1.96956)     (0.442585,0.532076,2.05498)     (0.462647,0.240475,2.11952)     (0.467526,0.184436,2.05422)     
End frame 44;
At time 1415089575 Begin frame 45: (0.20732,0.40435,1.97817)     (0.205681,0.436125,1.99637)     (0.193362,0.61404,1.9874)     (0.17016,0.752623,1.95962)     (0.0543707,0.561379,2.04316)     (-0.0324742,0.460984,2.07351)     (-0.00391535,0.338213,2.0968)     (0.00180809,0.306922,2.1085)     (0.337499,0.533876,2.02258)     (0.425135,0.379698,2.03862)     (0.408169,0.560927,2.01327)     (0.395405,0.615889,2.00768)     (0.153053,0.351237,1.98026)     (0.154414,0.0794563,1.81842)     (0.194226,-0.0611021,1.64897)     (0.148418,-0.0309431,1.61453)     (0.278243,0.340614,1.96489)     (0.439684,0.541937,2.05467)     (0.491966,0.267818,2.11011)     (0.497174,0.219449,2.04567)     
End frame 45;
At time 1415089575 Begin frame 46: (0.205614,0.415164,1.97762)     (0.20455,0.445695,1.99708)     (0.192159,0.622166,1.993)     (0.169168,0.756389,1.95796)     (0.0456753,0.552754,2.04846)     (-0.0416495,0.457189,2.07923)     (-0.00900377,0.332814,2.12168)     (0.00316754,0.293329,2.14238)     (0.338479,0.542039,2.02305)     (0.423614,0.385718,2.03704)     (0.404781,0.561403,2.01145)     (0.390611,0.61429,2.00522)     (0.148088,0.355477,1.97945)     (0.155498,0.100213,1.80428)     (0.11843,-0.0390816,1.65128)     (0.119799,0.00778449,1.67027)     (0.278999,0.350817,1.9611)     (0.436858,0.548801,2.05872)     (0.49015,0.275177,2.09906)     (0.490039,0.234046,2.03178)     
End frame 46;
At time 1415089575 Begin frame 47: (0.203337,0.424115,1.97819)     (0.202349,0.453679,1.9995)     (0.185343,0.630877,2.00751)     (0.166943,0.759465,1.95871)     (0.0401382,0.547387,2.05244)     (-0.0385744,0.437462,2.0933)     (-0.0105752,0.318498,2.13088)     (0.00538108,0.266621,2.15173)     (0.338585,0.551247,2.02728)     (0.424711,0.397165,2.04283)     (0.350138,0.511614,1.99826)     (0.324177,0.551396,1.98475)     (0.143363,0.359499,1.97913)     (0.155608,0.139514,1.80201)     (0.116117,-0.0299227,1.65542)     (0.112548,0.0262509,1.66693)     (0.278736,0.359642,1.95826)     (0.432281,0.55248,2.06905)     (0.481643,0.277044,2.08502)     (0.479806,0.242938,2.01649)     
End frame 47;
At time 1415089575 Begin frame 48: (0.200159,0.43253,1.98045)     (0.198834,0.461407,2.0044)     (0.178733,0.637342,2.02126)     (0.163199,0.762647,1.96372)     (0.0352674,0.543936,2.05808)     (-0.0311149,0.404544,2.10689)     (0.00329049,0.288641,2.11461)     (0.0324957,0.226903,2.09678)     (0.338266,0.560038,2.03551)     (0.426159,0.406083,2.05034)     (0.434765,0.275965,2.06159)     (0.45167,0.299883,2.0414)     (0.137216,0.364228,1.9795)     (0.158371,0.164396,1.79779)     (0.107819,-0.0221818,1.66337)     (0.106362,0.0443576,1.67291)     (0.278186,0.367044,1.95707)     (0.42517,0.556824,2.08134)     (0.473487,0.280028,2.07719)     (0.455875,0.24384,2.00521)     
End frame 48;
At time 1415089575 Begin frame 49: (0.194955,0.443814,1.98496)     (0.193674,0.470063,2.01144)     (0.173628,0.641301,2.034)     (0.156393,0.765549,1.97556)     (0.0327405,0.542665,2.06347)     (-0.0304268,0.398216,2.11114)     (0.00479805,0.280397,2.11398)     (0.0288069,0.218845,2.11553)     (0.338077,0.569595,2.05242)     (0.427343,0.410655,2.0586)     (0.437897,0.224004,2.07106)     (0.481638,0.215814,2.05729)     (0.120986,0.378716,1.9784)     (0.160029,0.176124,1.79407)     (0.0993582,-0.0151384,1.6618)     (0.100623,0.0580535,1.67324)     (0.277248,0.380538,1.95898)     (0.422148,0.562567,2.09359)     (0.470552,0.283259,2.07471)     (0.446964,0.247195,2.00423)     
End frame 49;
At time 1415089575 Begin frame 50: (0.192506,0.451545,1.99051)     (0.190767,0.476445,2.01966)     (0.17039,0.644146,2.04533)     (0.15171,0.768264,1.98853)     (0.0317055,0.542807,2.06815)     (-0.0250426,0.384717,2.11498)     (0.019308,0.378936,1.99919)     (0.0353445,0.385045,1.95303)     (0.337044,0.574822,2.06622)     (0.426844,0.415337,2.0681)     (0.468391,0.204298,2.08907)     (0.51677,0.164161,2.07445)     (0.118158,0.385159,1.98441)     (0.16157,0.183778,1.78891)     (0.0903978,0.00180676,1.65033)     (0.0952855,0.0698453,1.66863)     (0.276839,0.389631,1.96125)     (0.421157,0.561366,2.11108)     (0.467495,0.283856,2.07585)     (0.444032,0.244187,2.00937)     
End frame 50;
At time 1415089575 Begin frame 51: (0.189548,0.460539,1.99674)     (0.188632,0.481661,2.0264)     (0.171554,0.643143,2.056)     (0.149162,0.771052,2.00434)     (0.0232266,0.539578,2.08686)     (-0.0419394,0.404539,2.12874)     (0.0274619,0.352428,2.03801)     (0.05655,0.32397,2.02395)     (0.335945,0.57989,2.08868)     (0.423752,0.421839,2.07783)     (0.47147,0.259679,2.11)     (0.530515,0.219349,2.09779)     (0.114649,0.390541,1.98745)     (0.163193,0.186371,1.77813)     (0.0854846,0.00879282,1.64474)     (0.0943936,0.0772653,1.65974)     (0.272189,0.401556,1.9633)     (0.421527,0.549298,2.13056)     (0.473883,0.271211,2.10488)     (0.454286,0.232855,2.03495)     
End frame 51;
At time 1415089575 Begin frame 52: (0.186241,0.472872,2.00633)     (0.186508,0.490908,2.03774)     (0.176039,0.644867,2.07097)     (0.149766,0.773782,2.02027)     (0.0113179,0.533993,2.10219)     (-0.0500208,0.408376,2.13602)     (0.0414215,0.364133,2.03737)     (0.0788408,0.348855,2.01441)     (0.335124,0.58144,2.10112)     (0.421745,0.425257,2.08703)     (0.476922,0.258679,2.11935)     (0.542356,0.2208,2.11095)     (0.111688,0.39568,1.98972)     (0.164386,0.186176,1.76853)     (0.0887936,0.0173977,1.63193)     (0.0954167,0.0824168,1.65265)     (0.266033,0.414542,1.96981)     (0.424262,0.537021,2.14845)     (0.481439,0.261329,2.12463)     (0.46317,0.225703,2.05125)     
End frame 52;
At time 1415089575 Begin frame 53: (0.184695,0.479065,2.01171)     (0.184429,0.495757,2.04464)     (0.179863,0.646504,2.08184)     (0.152634,0.776059,2.03385)     (0.0659512,0.624651,2.12109)     (-0.0281206,0.468461,2.1294)     (0.00707814,0.372007,2.08089)     (-0.0251793,0.350149,2.10821)     (0.334689,0.580956,2.11243)     (0.420275,0.426679,2.09647)     (0.481944,0.267702,2.13216)     (0.542456,0.24335,2.11944)     (0.114679,0.414794,1.99245)     (0.157647,0.181683,1.75452)     (0.0921779,0.0207874,1.62075)     (0.0961246,0.0836485,1.64523)     (0.258261,0.420334,1.98282)     (0.424838,0.532512,2.15814)     (0.483768,0.258888,2.13231)     (0.468122,0.223493,2.0613)     
End frame 53;
At time 1415089575 Begin frame 54: (0.183971,0.482989,2.01729)     (0.183701,0.49871,2.05165)     (0.184495,0.647555,2.09219)     (0.155846,0.778012,2.04474)     (0.0643283,0.620951,2.12945)     (-0.0273783,0.477765,2.13086)     (-0.00106011,0.354769,2.10541)     (-0.03368,0.33839,2.12805)     (0.334958,0.57738,2.12102)     (0.418972,0.427796,2.10635)     (0.479509,0.287008,2.13669)     (0.538845,0.264194,2.12506)     (0.116005,0.422856,1.99451)     (0.156395,0.178489,1.74604)     (0.0915618,0.0234823,1.6146)     (0.097437,0.0843613,1.63939)     (0.252553,0.424302,1.99491)     (0.425706,0.52927,2.16595)     (0.486815,0.257575,2.13984)     (0.472058,0.222541,2.06839)     
End frame 54;
At time 1415089575 Begin frame 55: (0.184117,0.484903,2.02216)     (0.183884,0.49976,2.05761)     (0.19357,0.646587,2.10303)     (0.160349,0.781574,2.05845)     (0.072089,0.628231,2.13377)     (-0.0264687,0.484693,2.13193)     (-0.00570402,0.345534,2.1224)     (-0.0533954,0.325118,2.15634)     (0.335193,0.573094,2.12846)     (0.418092,0.426798,2.1161)     (0.478226,0.294493,2.14034)     (0.535327,0.275666,2.12932)     (0.117119,0.427858,1.996)     (0.156092,0.176185,1.74096)     (0.0911867,0.0254266,1.61026)     (0.0991109,0.0844979,1.63493)     (0.249038,0.425824,2.00328)     (0.426109,0.526917,2.17169)     (0.488385,0.256625,2.14425)     (0.474775,0.221855,2.07346)     
End frame 55;
At time 1415089575 Begin frame 56: (0.185056,0.485764,2.02773)     (0.184451,0.500334,2.06355)     (0.198342,0.646696,2.10948)     (0.163263,0.784818,2.0687)     (0.0785288,0.634774,2.13742)     (-0.025505,0.489717,2.13306)     (-0.00834095,0.342018,2.13319)     (-0.0627486,0.323463,2.16954)     (0.335876,0.569319,2.13596)     (0.417453,0.424841,2.12546)     (0.477208,0.300035,2.14727)     (0.532581,0.284399,2.13601)     (0.119237,0.432393,1.99883)     (0.156574,0.174622,1.73837)     (0.0824478,0.0294018,1.61095)     (0.0996435,0.084397,1.63244)     (0.246895,0.425848,2.01112)     (0.425928,0.52604,2.17693)     (0.48943,0.256828,2.14815)     (0.476489,0.222865,2.07803)     
End frame 56;
At time 1415089575 Begin frame 57: (0.186836,0.485074,2.03434)     (0.185975,0.499617,2.07047)     (0.203436,0.646486,2.11602)     (0.165083,0.786937,2.07558)     (0.0829955,0.63597,2.13946)     (-0.0261412,0.489745,2.13881)     (-0.00884978,0.339574,2.14008)     (-0.0650371,0.322345,2.17875)     (0.335892,0.56636,2.14197)     (0.41755,0.423509,2.13634)     (0.47619,0.303135,2.15216)     (0.530161,0.290137,2.14079)     (0.121372,0.435153,2.00245)     (0.158489,0.172622,1.73875)     (0.0813478,0.0305165,1.61039)     (0.102037,0.0837512,1.63111)     (0.245804,0.425139,2.01818)     (0.423071,0.528889,2.18394)     (0.488812,0.259881,2.15296)     (0.476427,0.226649,2.08448)     
End frame 57;
At time 1415089575 Begin frame 58: (0.189496,0.484148,2.04465)     (0.188434,0.498896,2.08027)     (0.207721,0.646008,2.12158)     (0.166746,0.788528,2.08213)     (0.0856841,0.635406,2.14194)     (-0.0272753,0.48671,2.15068)     (-0.00883066,0.338077,2.14565)     (-0.0327504,0.306667,2.16852)     (0.337085,0.562723,2.1483)     (0.418816,0.422255,2.14778)     (0.474868,0.303942,2.15903)     (0.527822,0.29403,2.14592)     (0.123583,0.436748,2.00834)     (0.163888,0.171025,1.75023)     (0.0803645,0.03195,1.61569)     (0.105596,0.0830193,1.63374)     (0.245505,0.423698,2.02974)     (0.421779,0.533777,2.19122)     (0.496077,0.278362,2.18518)     (0.483766,0.24276,2.11571)     
End frame 58;
At time 1415089575 Begin frame 59: (0.191624,0.482696,2.05468)     (0.190709,0.497954,2.09078)     (0.21651,0.653829,2.13949)     (0.168421,0.789716,2.08901)     (0.0875961,0.633765,2.14513)     (-0.0276665,0.48369,2.16321)     (-0.00868567,0.337318,2.1498)     (-0.0311281,0.307087,2.17206)     (0.3386,0.558874,2.15428)     (0.419831,0.420837,2.15611)     (0.473636,0.302688,2.16584)     (0.525671,0.296219,2.15071)     (0.125285,0.436995,2.01985)     (0.170413,0.169141,1.76597)     (0.0792211,0.0360306,1.63099)     (0.117588,0.0744881,1.66182)     (0.24551,0.421928,2.0385)     (0.419755,0.538941,2.19737)     (0.498395,0.28767,2.19833)     (0.486093,0.250237,2.12791)     
End frame 59;
At time 1415089575 Begin frame 60: (0.192927,0.482333,2.06739)     (0.191099,0.497928,2.10183)     (0.213578,0.654431,2.14728)     (0.170104,0.791129,2.09813)     (0.0830478,0.628101,2.14761)     (-0.0275374,0.481274,2.17449)     (-0.00832057,0.337069,2.1545)     (-0.0319931,0.309754,2.17672)     (0.339737,0.558254,2.17222)     (0.42063,0.419913,2.16305)     (0.472933,0.300886,2.17551)     (0.523573,0.297617,2.15745)     (0.126532,0.436287,2.03183)     (0.176896,0.167023,1.78854)     (0.0855761,0.0239785,1.66982)     (0.129382,0.0725401,1.68838)     (0.249584,0.41942,2.0552)     (0.420203,0.543965,2.21172)     (0.501655,0.293056,2.21031)     (0.488466,0.255098,2.13944)     
End frame 60;
At time 1415089575 Begin frame 61: (0.193711,0.482055,2.07622)     (0.191633,0.497917,2.10997)     (0.210201,0.654285,2.15196)     (0.172109,0.791835,2.10797)     (0.0878634,0.624391,2.17356)     (-0.0266764,0.479654,2.1841)     (-0.00752575,0.337389,2.16092)     (-0.0326754,0.311531,2.18101)     (0.340908,0.559232,2.18622)     (0.424043,0.418742,2.17562)     (0.472259,0.29778,2.18181)     (0.521761,0.297328,2.16265)     (0.129008,0.435612,2.04551)     (0.184583,0.16466,1.81696)     (0.0870724,0.0254622,1.69728)     (0.133894,0.0691299,1.7169)     (0.251691,0.418263,2.06451)     (0.421139,0.543766,2.22388)     (0.501074,0.293421,2.21448)     (0.487569,0.255284,2.14344)     
End frame 61;
At time 1415089575 Begin frame 62: (0.196428,0.481007,2.08719)     (0.193842,0.497104,2.12119)     (0.208468,0.653306,2.15758)     (0.173971,0.790409,2.11759)     (0.0896589,0.619645,2.18225)     (-0.0251177,0.475174,2.19396)     (-0.00545318,0.336291,2.16552)     (-0.0324085,0.313407,2.18648)     (0.343536,0.557888,2.19562)     (0.433148,0.403002,2.20254)     (0.473944,0.279588,2.1918)     (0.500496,0.249115,2.18386)     (0.131947,0.434645,2.05601)     (0.19137,0.161828,1.84858)     (0.0872929,0.0271162,1.71538)     (0.135888,0.0680949,1.73412)     (0.256053,0.416341,2.075)     (0.423946,0.543688,2.2347)     (0.501155,0.293413,2.21752)     (0.512234,0.23767,2.15779)     
End frame 62;
At time 1415089575 Begin frame 63: (0.199616,0.477518,2.09575)     (0.197173,0.492866,2.1303)     (0.207858,0.642415,2.16399)     (0.178726,0.785208,2.13275)     (0.100565,0.610523,2.19874)     (-0.0215139,0.471596,2.20274)     (-0.00397213,0.335469,2.16898)     (-0.031888,0.314806,2.1919)     (0.346013,0.556692,2.20336)     (0.437835,0.396441,2.21434)     (0.473242,0.269813,2.19527)     (0.489565,0.229348,2.1901)     (0.136278,0.432797,2.06452)     (0.191878,0.147408,1.86459)     (0.343544,0.149234,1.8168)     (0.2668,0.127376,1.81291)     (0.259348,0.412477,2.08263)     (0.428013,0.53806,2.24377)     (0.498989,0.283926,2.21654)     (0.52354,0.222405,2.16253)     
End frame 63;
At time 1415089575 Begin frame 64: (0.204289,0.468861,2.10499)     (0.202387,0.481713,2.13997)     (0.209519,0.608091,2.16755)     (0.182551,0.780413,2.1426)     (0.108177,0.60652,2.20881)     (-0.0179914,0.470023,2.2094)     (-0.00303239,0.335272,2.17164)     (-0.0309785,0.315018,2.19545)     (0.368356,0.523298,2.19822)     (0.4451,0.38506,2.22245)     (0.468711,0.251541,2.19125)     (0.46908,0.196029,2.18347)     (0.144194,0.424489,2.07698)     (0.18517,0.127938,1.8895)     (0.301243,0.218963,1.97643)     (0.266343,0.173107,1.92222)     (0.26489,0.396763,2.09039)     (0.429922,0.532379,2.24836)     (0.493031,0.271489,2.21148)     (0.527455,0.212267,2.16257)     
End frame 64;
At time 1415089575 Begin frame 65: (0.221583,0.433005,2.11339)     (0.219674,0.448162,2.14839)     (0.212767,0.586231,2.16916)     (0.186394,0.774871,2.15053)     (0.132774,0.572848,2.21829)     (-0.015709,0.468167,2.21565)     (0.0149119,0.339681,2.17145)     (-0.0090563,0.311352,2.19481)     (0.376192,0.511164,2.19745)     (0.449194,0.37849,2.22619)     (0.465759,0.241597,2.18819)     (0.460819,0.183131,2.18069)     (0.167314,0.393564,2.09146)     (0.178229,0.121986,1.94323)     (0.264341,0.296926,2.07711)     (0.231775,0.232601,2.01852)     (0.274854,0.375417,2.09425)     (0.432723,0.524204,2.25013)     (0.49051,0.260571,2.20788)     (0.518559,0.214585,2.15208)     
End frame 65;
At time 1415089575 Begin frame 66: (0.233289,0.415627,2.11938)     (0.229596,0.432664,2.15345)     (0.216958,0.570581,2.16863)     (0.19212,0.767106,2.15817)     (0.113542,0.518663,2.2057)     (-0.0182827,0.464567,2.22397)     (0.0284217,0.345883,2.1708)     (0.00587541,0.311454,2.19436)     (0.379199,0.507069,2.19958)     (0.452062,0.373647,2.22701)     (0.463868,0.235456,2.18572)     (0.456251,0.175682,2.17987)     (0.190083,0.358346,2.10862)     (0.180358,0.119492,1.96533)     (0.245195,0.327787,2.10513)     (0.218592,0.259356,2.05339)     (0.295215,0.359894,2.10019)     (0.440841,0.518636,2.25289)     (0.493313,0.254806,2.20907)     (0.51919,0.215862,2.15102)     
End frame 66;
At time 1415089575 Begin frame 67: (0.238999,0.407155,2.12249)     (0.235294,0.423751,2.15619)     (0.228578,0.542121,2.16208)     (0.20444,0.749007,2.16107)     (0.0995516,0.489834,2.19594)     (0.00295447,0.41439,2.20033)     (0.0863153,0.389168,2.09841)     (0.0944646,0.374715,2.09144)     (0.380978,0.505611,2.20215)     (0.456075,0.369936,2.22589)     (0.462761,0.23156,2.18388)     (0.453104,0.171096,2.17745)     (0.197747,0.344837,2.11493)     (0.186314,0.117668,1.97859)     (0.270748,0.317138,2.12276)     (0.224499,0.263759,2.07011)     (0.304871,0.351985,2.10276)     (0.447367,0.513808,2.25374)     (0.495897,0.250106,2.20969)     (0.519536,0.216509,2.14991)     
End frame 67;
At time 1415089575 Begin frame 68: (0.242398,0.401941,2.12449)     (0.238674,0.41844,2.1579)     (0.233124,0.531653,2.15969)     (0.213975,0.735315,2.16003)     (0.0948388,0.477832,2.19246)     (0.0205368,0.380239,2.17929)     (0.11761,0.412645,2.06103)     (0.149619,0.418154,2.02512)     (0.384141,0.504156,2.20385)     (0.460063,0.366243,2.22196)     (0.461282,0.227215,2.17888)     (0.450834,0.167489,2.17058)     (0.201444,0.336626,2.11821)     (0.187445,0.115773,1.98698)     (0.26963,0.313027,2.12153)     (0.227074,0.259996,2.07002)     (0.310373,0.347157,2.10399)     (0.455904,0.507324,2.25156)     (0.499243,0.244584,2.20955)     (0.51983,0.216129,2.14878)     
End frame 68;
At time 1415089575 Begin frame 69: (0.245253,0.397942,2.12504)     (0.241446,0.414699,2.15842)     (0.239643,0.533066,2.15796)     (0.223187,0.721609,2.1528)     (0.094009,0.470989,2.18901)     (0.0388843,0.361682,2.17188)     (0.131567,0.422697,2.04149)     (0.168995,0.434576,1.99764)     (0.387317,0.503223,2.20442)     (0.464448,0.363767,2.21522)     (0.487731,0.207663,2.17727)     (0.476919,0.154404,2.17066)     (0.201644,0.331073,2.11768)     (0.198292,0.114073,1.98722)     (0.25354,0.308075,2.1182)     (0.219228,0.253947,2.06184)     (0.314823,0.342498,2.10337)     (0.461252,0.501538,2.24791)     (0.500267,0.239304,2.20751)     (0.517509,0.214619,2.14454)     
End frame 69;
At time 1415089575 Begin frame 70: (0.250977,0.393326,2.1224)     (0.247085,0.41119,2.15577)     (0.248538,0.54081,2.15485)     (0.233288,0.709557,2.14103)     (0.10114,0.469018,2.17816)     (0.0452797,0.353706,2.16816)     (0.140695,0.426408,2.03171)     (0.182182,0.440921,1.98284)     (0.391367,0.503001,2.20355)     (0.472116,0.357561,2.20622)     (0.493735,0.204193,2.17631)     (0.485627,0.153411,2.17057)     (0.202356,0.326338,2.11418)     (0.212672,0.110308,1.97836)     (0.189151,0.27571,2.08661)     (0.161723,0.229777,2.02745)     (0.320896,0.33666,2.10082)     (0.467035,0.496316,2.2424)     (0.500511,0.234365,2.20506)     (0.516052,0.213084,2.14195)     
End frame 70;
At time 1415089575 Begin frame 71: (0.256609,0.389884,2.11825)     (0.253275,0.40922,2.15113)     (0.258254,0.550277,2.14735)     (0.241538,0.700271,2.12536)     (0.109156,0.471347,2.16893)     (0.0517414,0.350496,2.16275)     (0.147479,0.421221,2.02482)     (0.189442,0.43249,1.97474)     (0.396327,0.504589,2.19993)     (0.478396,0.35227,2.19753)     (0.4984,0.202017,2.17591)     (0.49301,0.15329,2.17143)     (0.203049,0.323335,2.1086)     (0.221006,0.107258,1.97066)     (0.214078,0.257842,2.0673)     (0.182638,0.21621,2.0105)     (0.325407,0.332567,2.09841)     (0.477088,0.490202,2.23178)     (0.501323,0.229141,2.2021)     (0.513698,0.208055,2.13726)     
End frame 71;
At time 1415089575 Begin frame 72: (0.266021,0.38589,2.10819)     (0.262482,0.407446,2.14033)     (0.266972,0.557599,2.13447)     (0.249519,0.692955,2.10256)     (0.131068,0.471451,2.14425)     (0.056772,0.35463,2.1574)     (0.151115,0.414583,2.02141)     (0.190818,0.420273,1.9733)     (0.407119,0.507606,2.18915)     (0.484802,0.349165,2.19068)     (0.503743,0.198601,2.1755)     (0.501002,0.149731,2.17234)     (0.206956,0.320031,2.09662)     (0.226228,0.101727,1.96113)     (0.229156,0.247314,2.05304)     (0.195991,0.20743,1.99694)     (0.333499,0.327527,2.09265)     (0.495797,0.478343,2.21811)     (0.503851,0.219071,2.1981)     (0.513469,0.195954,2.13215)     
End frame 72;
At time 1415089576 Begin frame 73: (0.274185,0.384072,2.09878)     (0.271322,0.407414,2.12974)     (0.275776,0.562436,2.12115)     (0.263983,0.684619,2.06691)     (0.139772,0.471999,2.13406)     (0.0599733,0.359566,2.15261)     (0.152804,0.410381,2.01919)     (0.189791,0.413323,1.97319)     (0.419134,0.511153,2.17567)     (0.495456,0.3487,2.18649)     (0.515223,0.183524,2.17427)     (0.507613,0.143194,2.17267)     (0.210143,0.318282,2.08611)     (0.228914,0.0978585,1.9535)     (0.237814,0.242352,2.0434)     (0.204248,0.20282,1.98746)     (0.341779,0.324418,2.08676)     (0.506181,0.473645,2.2103)     (0.507389,0.213497,2.19532)     (0.521278,0.173875,2.12827)     
End frame 73;
At time 1415089576 Begin frame 74: (0.280398,0.383182,2.08724)     (0.278,0.409373,2.11448)     (0.271783,0.566118,2.08653)     (0.270754,0.685181,2.0402)     (0.144923,0.473111,2.12709)     (0.0676284,0.36268,2.13354)     (0.155739,0.40934,2.01599)     (0.192334,0.412292,1.97036)     (0.429325,0.514522,2.15653)     (0.50635,0.352054,2.18299)     (0.521441,0.179622,2.1732)     (0.518814,0.13751,2.17292)     (0.212748,0.317329,2.07778)     (0.229842,0.0950484,1.94758)     (0.2429,0.239701,2.03686)     (0.29168,0.205726,2.01103)     (0.350995,0.322206,2.07714)     (0.514418,0.469796,2.20293)     (0.515613,0.207545,2.19133)     (0.528936,0.160407,2.12462)     
End frame 74;
At time 1415089576 Begin frame 75: (0.290832,0.381604,2.06893)     (0.291559,0.409848,2.08905)     (0.296541,0.557197,2.05147)     (0.277125,0.679107,2.01384)     (0.148579,0.474174,2.11937)     (0.0707953,0.364541,2.12491)     (0.157641,0.404875,2.01242)     (0.193104,0.408154,1.96836)     (0.438549,0.515136,2.13894)     (0.515338,0.35463,2.17952)     (0.527937,0.176104,2.17244)     (0.53004,0.124057,2.17337)     (0.216918,0.314753,2.06437)     (0.230015,0.0916357,1.94291)     (0.24582,0.236999,2.032)     (0.331386,0.201385,2.01892)     (0.360212,0.319803,2.06673)     (0.5144,0.19734,2.18407)     (0.624773,0.103128,2.26358)     (0.596694,0.0970874,2.18152)     
End frame 75;
At time 1415089576 Begin frame 76: (0.299142,0.380566,2.05484)     (0.300833,0.409425,2.07188)     (0.309117,0.551571,2.03411)     (0.281835,0.673772,1.99417)     (0.15086,0.474942,2.10852)     (0.0730523,0.365809,2.11821)     (0.0857898,0.317288,2.19093)     (0.0864727,0.294027,2.22979)     (0.446877,0.514225,2.12229)     (0.522655,0.35634,2.17467)     (0.542316,0.193551,2.16214)     (0.5414,0.132185,2.16864)     (0.221463,0.312146,2.05)     (0.254966,0.0882676,1.91926)     (0.156922,0.161353,2.00063)     (0.21619,0.127589,1.99993)     (0.36818,0.317492,2.05842)     (0.521131,0.137295,2.17524)     (0.675847,0.111055,2.27649)     (0.641288,0.0960977,2.20403)     
End frame 76;
At time 1415089576 Begin frame 77: (0.30599,0.37949,2.04041)     (0.30841,0.408901,2.05358)     (0.320052,0.542911,2.01048)     (0.28769,0.667229,1.9646)     (0.150867,0.47377,2.09061)     (0.113534,0.353726,2.05031)     (0.0661526,0.335503,2.16153)     (0.0407619,0.320317,2.18836)     (0.454471,0.510446,2.09931)     (0.531142,0.358403,2.16436)     (0.547918,0.197538,2.15863)     (0.549735,0.139092,2.16401)     (0.22477,0.310121,2.03925)     (0.2622,0.0862544,1.91208)     (0.0992188,0.109293,1.98211)     (0.209019,0.104761,1.99823)     (0.375034,0.314994,2.04939)     (0.521722,0.117208,2.17354)     (0.698024,0.0605373,2.27218)     (0.657632,0.0686054,2.20561)     
End frame 77;
At time 1415089576 Begin frame 78: (0.313872,0.375812,2.02532)     (0.316673,0.405782,2.03408)     (0.329009,0.533846,1.98152)     (0.292666,0.661704,1.9402)     (0.15122,0.470647,2.06993)     (0.140029,0.339551,2.01095)     (0.0483882,0.338272,2.15646)     (0.014037,0.321679,2.18529)     (0.459125,0.50446,2.07286)     (0.539116,0.368993,2.12485)     (0.553193,0.208848,2.15321)     (0.554783,0.148086,2.15968)     (0.231005,0.306194,2.02822)     (0.266704,0.0833288,1.90719)     (0.0757082,0.0872783,1.97178)     (0.169106,0.0804003,1.98607)     (0.382087,0.311369,2.04126)     (0.526839,0.11429,2.17249)     (0.710402,0.0313921,2.27347)     (0.653632,0.0447443,2.19693)     
End frame 78;
At time 1415089576 Begin frame 79: (0.320367,0.369516,2.01137)     (0.321837,0.399874,2.01725)     (0.33357,0.527533,1.96448)     (0.299553,0.651456,1.90023)     (0.182177,0.491176,2.01383)     (0.155352,0.362751,1.98653)     (0.0419108,0.336054,2.13597)     (0.00096311,0.320111,2.14876)     (0.463617,0.499513,2.05284)     (0.5458,0.368094,2.1119)     (0.555463,0.215932,2.14904)     (0.557345,0.155466,2.1556)     (0.239601,0.301746,2.0148)     (0.249094,0.0702601,1.91501)     (0.0705096,0.123871,2.06954)     (0.162375,0.129551,2.08296)     (0.387147,0.307413,2.03453)     (0.532821,0.115569,2.16934)     (0.629051,-0.0336935,2.20865)     (0.60447,0.0115514,2.14665)     
End frame 79;
At time 1415089576 Begin frame 80: (0.327175,0.359264,1.99319)     (0.328059,0.389733,1.99274)     (0.34144,0.513613,1.92133)     (0.304575,0.644088,1.87301)     (0.206791,0.508169,1.95546)     (0.17465,0.378662,1.95584)     (0.0422497,0.331538,2.09511)     (0.0075385,0.325327,2.12374)     (0.462221,0.493334,2.01082)     (0.552196,0.369139,2.0873)     (0.557857,0.21459,2.1435)     (0.559719,0.157616,2.15164)     (0.250006,0.297659,1.99894)     (0.179177,0.0659458,1.95719)     (0.0933987,0.200497,2.14116)     (0.157697,0.164737,2.12162)     (0.390884,0.302772,2.02733)     (0.540832,0.121064,2.16418)     (0.511696,-0.0469765,2.13265)     (0.531988,0.0149513,2.08705)     
End frame 80;
At time 1415089576 Begin frame 81: (0.332932,0.345104,1.96589)     (0.333471,0.376131,1.95755)     (0.343187,0.501619,1.87011)     (0.317771,0.634592,1.83096)     (0.215533,0.51024,1.92908)     (0.182173,0.380835,1.94009)     (0.0442592,0.332057,2.05559)     (-0.00577339,0.32463,2.10521)     (0.457433,0.485383,1.97031)     (0.550969,0.36692,2.06309)     (0.558031,0.2089,2.13313)     (0.560896,0.158197,2.14621)     (0.258861,0.292362,1.98084)     (0.144155,0.0640171,1.97939)     (0.0913565,0.214211,2.16561)     (0.169719,0.200217,2.14985)     (0.395079,0.294426,2.01115)     (0.546143,0.143285,2.157)     (0.449753,-0.0475287,2.10875)     (0.502798,0.0151843,2.06975)     
End frame 81;
At time 1415089576 Begin frame 82: (0.336174,0.335092,1.93863)     (0.335043,0.36696,1.92605)     (0.333268,0.491275,1.82258)     (0.324642,0.625441,1.7887)     (0.218785,0.500284,1.90405)     (0.179904,0.368737,1.91164)     (0.0478136,0.32825,2.00861)     (0.00162225,0.324816,2.06068)     (0.460756,0.476508,1.94343)     (0.553286,0.362609,2.04523)     (0.557383,0.201796,2.12296)     (0.560942,0.156015,2.13829)     (0.265848,0.286741,1.95971)     (0.127826,0.0632871,1.98863)     (0.087715,0.213117,2.17556)     (0.158888,0.176296,2.13974)     (0.402342,0.285313,1.98694)     (0.547457,0.154436,2.14919)     (0.456906,-0.0368165,2.14905)     (0.492564,0.0143341,2.07769)     
End frame 82;
At time 1415089576 Begin frame 83: (0.338196,0.325846,1.90603)     (0.33577,0.357448,1.88872)     (0.328468,0.476397,1.77357)     (0.331732,0.612439,1.74388)     (0.218037,0.487687,1.85328)     (0.181134,0.360336,1.87644)     (0.0484827,0.325313,1.97431)     (0.00597783,0.323731,2.02542)     (0.463935,0.465632,1.89685)     (0.553498,0.364561,2.0163)     (0.556644,0.202029,2.10019)     (0.561283,0.158318,2.12646)     (0.271062,0.28191,1.93383)     (0.116949,0.0635848,1.99158)     (0.08349,0.201483,2.16403)     (0.154262,0.170207,2.12982)     (0.407518,0.277031,1.95897)     (0.545877,0.161255,2.13549)     (0.498388,-0.0057274,2.20003)     (0.529869,0.0353434,2.13872)     
End frame 83;
At time 1415089576 Begin frame 84: (0.340122,0.313773,1.86501)     (0.337046,0.345385,1.84216)     (0.326135,0.465044,1.71192)     (0.337072,0.605233,1.69802)     (0.221023,0.47744,1.81069)     (0.179962,0.355188,1.84236)     (0.0471911,0.319974,1.93271)     (0.00921674,0.319853,1.98426)     (0.46847,0.457603,1.85947)     (0.541296,0.36331,1.94177)     (0.560089,0.224784,2.05582)     (0.564463,0.179653,2.08782)     (0.275301,0.278127,1.90905)     (0.112683,0.065033,1.98188)     (0.081604,0.187943,2.12812)     (0.153946,0.160474,2.09682)     (0.410751,0.264773,1.91324)     (0.534262,0.165026,2.10867)     (0.531613,0.00565836,2.20592)     (0.541123,0.0398967,2.13134)     
End frame 84;
At time 1415089576 Begin frame 85: (0.346533,0.319352,1.81923)     (0.343355,0.346359,1.80594)     (0.337067,0.460459,1.68704)     (0.340615,0.591142,1.65199)     (0.220916,0.46272,1.76536)     (0.15734,0.345645,1.80102)     (0.0463762,0.3138,1.89623)     (0.00704808,0.306814,1.90893)     (0.503496,0.438663,1.83804)     (0.500204,0.329747,1.85452)     (0.554239,0.247872,2.00212)     (0.559368,0.203965,2.03237)     (0.270865,0.277961,1.85977)     (0.118349,0.0681987,1.96094)     (0.0538275,0.208268,2.01677)     (0.126879,0.182304,1.99815)     (0.415371,0.262251,1.8822)     (0.525307,0.161952,2.07873)     (0.557016,0.00898102,2.19619)     (0.55909,0.0442763,2.11768)     
End frame 85;
At time 1415089576 Begin frame 86: (0.345274,0.312569,1.78947)     (0.342415,0.336371,1.76548)     (0.340849,0.447302,1.63388)     (0.34015,0.580853,1.60739)     (0.217065,0.448084,1.72516)     (0.139185,0.340848,1.7641)     (0.0448443,0.309213,1.86297)     (0.00685102,0.299344,1.87088)     (0.469508,0.432738,1.75596)     (0.492392,0.354603,1.79233)     (0.549268,0.273168,1.9429)     (0.552752,0.208453,2.00826)     (0.271922,0.273328,1.82994)     (0.187297,0.0413127,1.88233)     (0.0495955,0.0872361,1.91085)     (0.125387,0.0761592,1.90193)     (0.405391,0.264482,1.83396)     (0.5218,0.159738,2.06556)     (0.550872,-0.0158842,2.09537)     (0.545919,-0.0386656,2.03769)     
End frame 86;
At time 1415089576 Begin frame 87: (0.346725,0.308525,1.75826)     (0.345443,0.332576,1.74194)     (0.361529,0.441106,1.61663)     (0.338247,0.564765,1.56938)     (0.2093,0.432228,1.67809)     (0.118252,0.341338,1.7185)     (0.0427809,0.306719,1.83865)     (0.00560275,0.295761,1.84692)     (0.446623,0.439976,1.67319)     (0.491429,0.349692,1.75083)     (0.543767,0.272048,1.90402)     (0.540585,0.208602,1.97974)     (0.275846,0.261822,1.77627)     (0.177176,0.0476381,1.84542)     (0.0207337,0.124414,1.87055)     (0.089027,0.0967478,1.84632)     (0.399776,0.267833,1.80552)     (0.520268,0.151077,2.05245)     (0.508921,-0.0336028,2.0631)     (0.534764,-0.0367994,2.02445)     
End frame 87;
At time 1415089576 Begin frame 88: (0.335837,0.298831,1.70671)     (0.333743,0.324877,1.68741)     (0.334988,0.431806,1.55543)     (0.33379,0.559185,1.51854)     (0.198725,0.415347,1.63587)     (0.109246,0.324764,1.66999)     (0.0406946,0.305181,1.82241)     (0.00259941,0.297902,1.83864)     (0.427788,0.44543,1.59855)     (0.4856,0.34972,1.69683)     (0.547472,0.290798,1.81991)     (0.528424,0.238953,1.87275)     (0.277022,0.25225,1.7362)     (0.0686635,0.329012,1.76518)     (0.106001,0.127259,1.78951)     (0.113406,0.0764299,1.75352)     (0.391563,0.270156,1.75337)     (0.5162,0.141352,2.03484)     (0.499043,0.0666502,1.8848)     (0.527404,0.0696628,1.91833)     
End frame 88;
At time 1415089576 Begin frame 89: (0.326228,0.286356,1.65689)     (0.3246,0.312497,1.63405)     (0.3216,0.410019,1.49654)     (0.326031,0.544074,1.47524)     (0.187825,0.398828,1.5895)     (0.105839,0.312167,1.63533)     (0.0293983,0.302403,1.79363)     (-0.0145383,0.311586,1.8542)     (0.415614,0.441659,1.5379)     (0.482588,0.341667,1.65357)     (0.554499,0.284316,1.74215)     (0.556521,0.251713,1.7794)     (0.271406,0.23703,1.68295)     (0.0563854,0.373435,1.70341)     (0.1318,0.125918,1.73069)     (0.136536,0.0660706,1.70128)     (0.386051,0.268958,1.72084)     (0.511593,0.13223,2.01537)     (0.420732,0.0780617,2.06742)     (0.473173,0.0741548,2.05453)     
End frame 89;
At time 1415089576 Begin frame 90: (0.32656,0.279459,1.62699)     (0.325855,0.305788,1.60815)     (0.355106,0.39475,1.49735)     (0.317469,0.520231,1.43679)     (0.18103,0.379888,1.54355)     (0.109644,0.287575,1.59335)     (0.0294511,0.296075,1.75674)     (-0.0203925,0.316161,1.85713)     (0.409241,0.432045,1.49716)     (0.478805,0.326859,1.6068)     (0.546665,0.260034,1.67864)     (0.56133,0.241236,1.71389)     (0.269356,0.228769,1.65462)     (0.0372307,0.384928,1.68833)     (0.152984,0.118926,1.69266)     (0.145492,0.0702736,1.73453)     (0.382427,0.259117,1.66828)     (0.501815,0.126762,1.97213)     (0.476918,0.0588461,2.05444)     (0.518884,0.0749054,2.02068)     
End frame 90;
At time 1415089576 Begin frame 91: (0.328477,0.271234,1.59931)     (0.331551,0.296897,1.58361)     (0.369921,0.384786,1.48054)     (0.309812,0.500021,1.40015)     (0.177613,0.368867,1.51436)     (0.108436,0.277861,1.57505)     (0.0249782,0.294942,1.73656)     (-0.0147874,0.322948,1.82945)     (0.40278,0.414712,1.45643)     (0.472372,0.314905,1.56748)     (0.544457,0.24526,1.63254)     (0.56719,0.225442,1.65589)     (0.26584,0.222102,1.63111)     (0.0258373,0.361539,1.66572)     (0.160452,0.112929,1.67809)     (0.112954,0.138027,1.70775)     (0.377051,0.243336,1.62027)     (0.493096,0.125817,1.92841)     (0.501205,0.0609352,2.08202)     (0.531155,0.0853673,2.01982)     
End frame 91;
At time 1415089576 Begin frame 92: (0.330768,0.264383,1.57038)     (0.33693,0.288965,1.55639)     (0.377238,0.378739,1.46693)     (0.303492,0.488607,1.37174)     (0.17472,0.361888,1.48509)     (0.105515,0.269048,1.55686)     (0.0215358,0.294234,1.71526)     (-0.00986715,0.326919,1.80013)     (0.397158,0.398856,1.4273)     (0.468899,0.308004,1.54662)     (0.450518,0.193971,1.57944)     (0.460928,0.168592,1.59291)     (0.264161,0.217603,1.60885)     (0.0200394,0.370121,1.62755)     (0.165051,0.111525,1.65793)     (0.132819,0.0916049,1.64683)     (0.374513,0.233337,1.58346)     (0.483842,0.127978,1.8926)     (0.535883,0.0379312,2.06166)     (0.558862,0.08776,1.99287)     
End frame 92;
At time 1415089576 Begin frame 93: (0.321907,0.266277,1.52651)     (0.330783,0.286853,1.51621)     (0.378725,0.371182,1.45044)     (0.295805,0.477404,1.33644)     (0.171912,0.363233,1.44838)     (0.0670748,0.323534,1.52606)     (0.0183393,0.29815,1.69118)     (-0.00647087,0.328664,1.77719)     (0.447658,0.361366,1.51171)     (0.467199,0.254185,1.53887)     (0.506759,0.313888,1.51905)     (0.506206,0.316086,1.50686)     (0.238461,0.223155,1.57272)     (-0.00845832,0.371511,1.58923)     (0.161525,0.110401,1.64355)     (0.145458,0.0711792,1.61686)     (0.36925,0.226435,1.55794)     (0.476968,0.132456,1.8664)     (0.552754,0.0251166,2.03349)     (0.573868,0.0891609,1.96975)     
End frame 93;
At time 1415089576 Begin frame 94: (0.314962,0.267281,1.49546)     (0.31963,0.286754,1.47256)     (0.353458,0.364608,1.39059)     (0.291135,0.47393,1.31295)     (0.169583,0.364177,1.42915)     (0.0551565,0.340681,1.48874)     (0.0207763,0.303053,1.66)     (-0.00371959,0.329235,1.76136)     (0.458014,0.349307,1.50757)     (0.45295,0.222362,1.5075)     (0.512479,0.303889,1.54894)     (0.525614,0.3336,1.53727)     (0.228512,0.225056,1.5549)     (-0.0134294,0.360618,1.57583)     (0.132427,0.117828,1.65165)     (0.138565,0.0637168,1.6182)     (0.367647,0.223086,1.53715)     (0.481914,0.163743,1.8225)     (0.539943,0.0570839,1.9919)     (0.580025,0.0900217,1.95622)     
End frame 94;
At time 1415089576 Begin frame 95: (0.307133,0.270799,1.4771)     (0.312258,0.287965,1.45508)     (0.318731,0.357541,1.37264)     (0.289172,0.468431,1.29632)     (0.16578,0.366202,1.41578)     (0.0429612,0.364799,1.46985)     (0.0220132,0.30933,1.64218)     (-0.00146469,0.330229,1.75001)     (0.45969,0.357008,1.50596)     (0.455929,0.233605,1.50155)     (0.527627,0.299122,1.58351)     (0.548649,0.331074,1.58736)     (0.216565,0.228882,1.53326)     (0.0123031,0.270012,1.66236)     (0.109371,0.0996925,1.68854)     (0.143293,0.0804299,1.65576)     (0.365978,0.222369,1.52503)     (0.482888,0.176247,1.80676)     (0.535523,0.0597722,1.95626)     (0.583578,0.0913944,1.94738)     
End frame 95;
At time 1415089576 Begin frame 96: (0.287925,0.289336,1.45849)     (0.294291,0.301448,1.44249)     (0.302505,0.356049,1.36754)     (0.287963,0.464221,1.28441)     (0.154278,0.376749,1.40332)     (0.0287132,0.384095,1.45261)     (0.0246727,0.323424,1.62278)     (0.00322354,0.335695,1.7351)     (0.458147,0.373518,1.49576)     (0.474929,0.252119,1.49282)     (0.509774,0.306248,1.60358)     (0.523384,0.324123,1.64191)     (0.194193,0.243366,1.50646)     (0.0185852,0.242669,1.67981)     (0.0999917,0.0844676,1.72356)     (0.141863,0.0858394,1.66874)     (0.353309,0.236521,1.51446)     (0.473658,0.201154,1.78193)     (0.530411,0.0857829,1.931)     (0.586814,0.0913481,1.94255)     
End frame 96;
At time 1415089576 Begin frame 97: (0.265925,0.313731,1.44912)     (0.268068,0.327417,1.43672)     (0.27344,0.375144,1.36795)     (0.286689,0.461395,1.27583)     (0.140555,0.405653,1.38326)     (0.024046,0.394726,1.44171)     (0.000350734,0.349538,1.59808)     (-0.0156031,0.367114,1.67176)     (0.449481,0.404181,1.47033)     (0.492042,0.30465,1.50119)     (0.497103,0.288443,1.65851)     (0.486387,0.269832,1.69594)     (0.177584,0.260238,1.49089)     (0.0231349,0.229116,1.69461)     (0.118362,0.0957444,1.71548)     (0.145792,0.0865588,1.66544)     (0.330558,0.268,1.5135)     (0.465827,0.208433,1.76898)     (0.519484,0.108127,1.96383)     (0.57939,0.091827,1.9437)     
End frame 97;
At time 1415089576 Begin frame 98: (0.25308,0.328138,1.44669)     (0.253429,0.342823,1.43635)     (0.257059,0.390944,1.37069)     (0.285241,0.459872,1.2693)     (0.129926,0.429048,1.37108)     (0.0194845,0.410688,1.4324)     (-0.014479,0.369249,1.58161)     (-0.0261537,0.387577,1.63729)     (0.436042,0.426507,1.44636)     (0.49473,0.353605,1.51201)     (0.484475,0.286717,1.68229)     (0.465617,0.252437,1.71633)     (0.165383,0.274767,1.48388)     (0.195353,0.125687,1.68333)     (0.0687038,0.128442,1.66032)     (0.13144,0.101719,1.65829)     (0.319893,0.282941,1.51436)     (0.462432,0.217143,1.76592)     (0.540487,0.122278,1.97871)     (0.572398,0.0895688,1.94214)     
End frame 98;
At time 1415089576 Begin frame 99: (0.234173,0.358824,1.4515)     (0.236188,0.375354,1.44082)     (0.252222,0.435901,1.3683)     (0.274787,0.466352,1.25651)     (0.103444,0.469273,1.36359)     (0.00376661,0.442451,1.46906)     (-0.00683578,0.383689,1.62477)     (-0.0221564,0.399897,1.66132)     (0.414803,0.464478,1.41393)     (0.496872,0.403853,1.48643)     (0.474295,0.308783,1.6577)     (0.454099,0.244291,1.72882)     (0.143074,0.305193,1.48898)     (0.239903,0.0913413,1.68269)     (0.0504253,0.180575,1.64763)     (0.110143,0.131736,1.64544)     (0.29302,0.320466,1.51385)     (0.456662,0.217801,1.76361)     (0.546181,0.128798,1.98359)     (0.579991,0.0775259,1.97151)     
End frame 99;
At time 1415089576 Begin frame 100: (0.226666,0.370345,1.45277)     (0.229274,0.387793,1.44177)     (0.253234,0.48001,1.36192)     (0.264912,0.483992,1.24572)     (0.0672213,0.505015,1.36615)     (0.00920658,0.461605,1.51217)     (-0.0033457,0.388124,1.65883)     (-0.0190511,0.405984,1.68488)     (0.397191,0.487326,1.3942)     (0.486,0.439807,1.5048)     (0.468736,0.314297,1.66863)     (0.446755,0.24028,1.73834)     (0.133815,0.317455,1.49144)     (0.24988,0.095333,1.66533)     (0.0382986,0.207128,1.63699)     (0.0999559,0.145115,1.63686)     (0.284116,0.330354,1.51171)     (0.415268,0.162052,1.71362)     (0.490255,0.246626,1.82079)     (0.518536,0.190945,1.86922)     
End frame 100;
At time 1415089576 Begin frame 101: (0.220751,0.379746,1.45456)     (0.223776,0.400064,1.44305)     (0.254859,0.521216,1.3555)     (0.255473,0.510031,1.23712)     (0.0538902,0.519603,1.36611)     (0.00162979,0.483983,1.52227)     (-0.00265747,0.393809,1.66546)     (-0.0167403,0.408134,1.70257)     (0.387225,0.504364,1.38263)     (0.487775,0.490759,1.47912)     (0.469538,0.359824,1.63278)     (0.441213,0.240855,1.74532)     (0.122858,0.331367,1.49758)     (0.250098,0.0964211,1.64492)     (0.0320532,0.218147,1.63075)     (0.0934186,0.152386,1.62644)     (0.278521,0.336645,1.51023)     (0.391769,0.133589,1.67908)     (0.472881,0.282864,1.77845)     (0.458571,0.21306,1.7678)     
End frame 101;
At time 1415089576 Begin frame 102: (0.217023,0.385777,1.45649)     (0.22051,0.407555,1.44406)     (0.254689,0.538774,1.35287)     (0.249104,0.530714,1.23241)     (0.0463274,0.528407,1.36747)     (-0.0025033,0.496759,1.53079)     (-0.00223731,0.397315,1.67053)     (-0.0148564,0.408165,1.71626)     (0.382004,0.513284,1.37647)     (0.48354,0.513391,1.47351)     (0.468679,0.380101,1.62211)     (0.438569,0.245879,1.75079)     (0.11695,0.338831,1.50192)     (0.256833,0.0920204,1.62495)     (0.0320416,0.221816,1.62222)     (0.0925709,0.15414,1.61116)     (0.27544,0.338833,1.50902)     (0.369259,0.108699,1.63722)     (0.522346,0.14389,1.68477)     (0.447471,0.151724,1.66478)     
End frame 102;
At time 1415089577 Begin frame 103: (0.223315,0.393518,1.47544)     (0.224866,0.415653,1.45604)     (0.254852,0.546932,1.35502)     (0.245211,0.541199,1.23263)     (0.0456751,0.533923,1.37047)     (-0.00419451,0.505379,1.53625)     (-0.00102064,0.399684,1.67339)     (-0.0131308,0.407869,1.72433)     (0.378137,0.522946,1.37377)     (0.479866,0.527872,1.47218)     (0.46793,0.40586,1.61235)     (0.439465,0.328122,1.68646)     (0.14216,0.349072,1.53289)     (0.258306,0.0917514,1.607)     (0.0414339,0.207984,1.60628)     (0.0990608,0.146663,1.58699)     (0.282205,0.343461,1.52222)     (0.357383,0.0980146,1.61391)     (0.525923,0.0961533,1.626)     (0.438133,0.1029,1.59632)     
End frame 103;
At time 1415089577 Begin frame 104: (0.228651,0.396444,1.48716)     (0.230649,0.41932,1.46591)     (0.258883,0.54698,1.36199)     (0.24393,0.548932,1.23514)     (0.0653207,0.53746,1.39299)     (-0.00670202,0.51192,1.54104)     (0.000135321,0.400946,1.67529)     (-0.00888516,0.397009,1.74257)     (0.375861,0.529406,1.37372)     (0.454877,0.506809,1.51409)     (0.473312,0.407679,1.64532)     (0.442757,0.343542,1.68661)     (0.15674,0.352264,1.54809)     (0.209648,0.0896056,1.56659)     (0.0349199,0.204482,1.59614)     (0.0880282,0.146789,1.5674)     (0.287288,0.345206,1.53061)     (0.353932,0.0924104,1.59694)     (0.462263,-0.021279,1.5009)     (0.409545,-0.0346665,1.45305)     
End frame 104;
At time 1415089577 Begin frame 105: (0.232588,0.397029,1.49346)     (0.23557,0.419657,1.47167)     (0.267846,0.516115,1.37278)     (0.245531,0.546135,1.24064)     (0.0740263,0.540373,1.40634)     (-0.00873623,0.516477,1.54508)     (0.00202596,0.399869,1.67533)     (-0.00678932,0.393011,1.74869)     (0.375242,0.533464,1.38229)     (0.453631,0.514734,1.5272)     (0.476985,0.413916,1.6529)     (0.448072,0.36066,1.68261)     (0.163273,0.353276,1.55422)     (0.201871,0.0897726,1.54475)     (0.0344775,0.174954,1.57164)     (0.0897276,0.12981,1.53732)     (0.291195,0.345446,1.53588)     (0.358436,0.0906125,1.5789)     (0.409155,-0.104673,1.48047)     (0.389639,-0.142606,1.4387)     
End frame 105;
At time 1415089577 Begin frame 106: (0.23575,0.394925,1.49725)     (0.238067,0.41841,1.47468)     (0.233046,0.521656,1.35856)     (0.226199,0.55452,1.23663)     (0.119736,0.527231,1.38749)     (0.0180533,0.517691,1.5159)     (0.0198613,0.398848,1.64229)     (-0.00174771,0.384634,1.75008)     (0.377184,0.537628,1.3955)     (0.452388,0.514915,1.53642)     (0.481968,0.409605,1.6585)     (0.459154,0.34912,1.69643)     (0.176085,0.34515,1.54911)     (0.146685,0.0865458,1.50243)     (0.0290269,0.174808,1.56626)     (0.0763362,0.13824,1.52858)     (0.294672,0.344546,1.53893)     (0.368927,0.091017,1.55891)     (0.43488,-0.111292,1.50364)     (0.415396,-0.0577322,1.50054)     
End frame 106;
At time 1415089577 Begin frame 107: (0.240135,0.389198,1.49566)     (0.240866,0.414762,1.47373)     (0.22561,0.523604,1.35302)     (0.220526,0.55839,1.2348)     (0.144602,0.518181,1.37458)     (0.0343689,0.518122,1.50149)     (0.0321451,0.394182,1.62113)     (0.00553561,0.375355,1.74204)     (0.393721,0.54198,1.43288)     (0.455066,0.471584,1.56618)     (0.495179,0.376556,1.67317)     (0.466178,0.343165,1.69797)     (0.185234,0.334526,1.53652)     (0.116337,0.0826741,1.4793)     (0.0224352,0.178765,1.55946)     (0.0653842,0.145489,1.51897)     (0.304381,0.337694,1.53294)     (0.389816,0.0916425,1.53909)     (0.411302,-0.142628,1.48396)     (0.402443,-0.0737127,1.48333)     
End frame 107;
At time 1415089577 Begin frame 108: (0.247335,0.378776,1.48174)     (0.245353,0.407236,1.46323)     (0.221844,0.524886,1.34925)     (0.21701,0.560898,1.23344)     (0.154549,0.514765,1.36956)     (0.042012,0.518423,1.49517)     (0.0400756,0.387607,1.60614)     (0.0142308,0.364026,1.72467)     (0.401263,0.543457,1.44902)     (0.459292,0.441446,1.57838)     (0.505605,0.348053,1.66977)     (0.474168,0.330029,1.69371)     (0.192492,0.322071,1.5154)     (0.103452,0.0802405,1.4663)     (0.0178454,0.183524,1.55215)     (0.0593087,0.149699,1.51025)     (0.320595,0.325096,1.50702)     (0.403909,0.0903753,1.52384)     (0.407591,-0.154871,1.47908)     (0.405216,-0.0585489,1.49085)     
End frame 108;
At time 1415089577 Begin frame 109: (0.253929,0.368161,1.45891)     (0.249947,0.398099,1.44337)     (0.220245,0.525914,1.34552)     (0.214639,0.562558,1.23201)     (0.160128,0.512597,1.36596)     (0.0461498,0.519298,1.49133)     (0.0453732,0.37665,1.58476)     (0.0232447,0.353672,1.68426)     (0.404898,0.544283,1.4563)     (0.467298,0.419187,1.57313)     (0.516841,0.298002,1.62777)     (0.489127,0.274474,1.64971)     (0.198837,0.309225,1.48035)     (0.0961054,0.0770014,1.45269)     (0.0162051,0.185559,1.5473)     (0.0565155,0.15123,1.50327)     (0.329547,0.316299,1.48608)     (0.412968,0.0830146,1.4996)     (0.420915,-0.124642,1.53751)     (0.412323,-0.0406978,1.50995)     
End frame 109;
At time 1415089577 Begin frame 110: (0.258685,0.360887,1.4233)     (0.253597,0.390514,1.41202)     (0.220938,0.52625,1.34022)     (0.213276,0.563173,1.22936)     (0.148913,0.510764,1.36544)     (0.0459269,0.517016,1.49269)     (0.0487801,0.356935,1.56658)     (0.0303683,0.348892,1.64333)     (0.408599,0.542651,1.45678)     (0.477436,0.399831,1.54792)     (0.52232,0.266707,1.59222)     (0.495929,0.245822,1.6241)     (0.200454,0.301935,1.45299)     (0.0959962,0.0727344,1.43549)     (0.015296,0.18806,1.53872)     (0.0556974,0.150913,1.48957)     (0.339439,0.302815,1.44383)     (0.429951,0.0783998,1.48532)     (0.419768,-0.123199,1.53921)     (0.414885,-0.0357345,1.51032)     
End frame 110;
At time 1415089577 Begin frame 111: (0.261758,0.357725,1.4017)     (0.256809,0.386623,1.39075)     (0.227491,0.524582,1.32987)     (0.214768,0.561765,1.22315)     (0.131964,0.509018,1.3699)     (0.0411183,0.511811,1.50183)     (0.050909,0.339768,1.55133)     (0.0354733,0.338894,1.61509)     (0.413465,0.536966,1.44556)     (0.48814,0.383027,1.5114)     (0.534405,0.247412,1.54433)     (0.507654,0.221159,1.58421)     (0.200749,0.297063,1.4342)     (0.0998843,0.0681367,1.41374)     (0.0142529,0.18958,1.52389)     (0.0558689,0.14691,1.4706)     (0.344182,0.2961,1.42062)     (0.443576,0.0738908,1.47675)     (0.310285,0.033077,1.39422)     (0.378384,0.0223455,1.44742)     
End frame 111;
At time 1415089577 Begin frame 112: (0.265661,0.357722,1.3818)     (0.26093,0.38539,1.37183)     (0.235875,0.52162,1.31871)     (0.218638,0.558714,1.21451)     (0.121597,0.50715,1.3716)     (0.0388877,0.506751,1.50639)     (0.05259,0.324029,1.53353)     (0.0392624,0.328452,1.58866)     (0.419517,0.531127,1.43072)     (0.497133,0.371917,1.47952)     (0.544059,0.214363,1.50106)     (0.536101,0.170969,1.53154)     (0.201872,0.294266,1.41336)     (0.102561,0.066152,1.39759)     (0.0155569,0.200817,1.49)     (0.0565261,0.149067,1.44297)     (0.34878,0.293092,1.40304)     (0.452958,0.0666106,1.4598)     (0.276479,0.0637141,1.37113)     (0.35196,0.0540786,1.40327)     
End frame 112;
At time 1415089577 Begin frame 113: (0.272518,0.367968,1.3583)     (0.268781,0.391571,1.35077)     (0.25629,0.516079,1.30268)     (0.231119,0.553088,1.20089)     (0.0777652,0.525291,1.42302)     (0.0274572,0.47959,1.53021)     (0.0540483,0.296212,1.51204)     (0.0568165,0.26359,1.52072)     (0.427515,0.525051,1.41593)     (0.506578,0.360761,1.44592)     (0.548575,0.193789,1.45338)     (0.552676,0.137017,1.47484)     (0.201584,0.294799,1.39912)     (0.106017,0.0680415,1.3772)     (0.0145317,0.207921,1.46307)     (0.0538798,0.152007,1.4146)     (0.353325,0.292895,1.38901)     (0.444662,0.062227,1.41665)     (0.235383,0.0873058,1.33599)     (0.327329,0.0658751,1.36955)     
End frame 113;
At time 1415089577 Begin frame 114: (0.275753,0.373067,1.34713)     (0.272495,0.394988,1.34002)     (0.262418,0.513386,1.29481)     (0.237254,0.549014,1.19109)     (0.0481036,0.538625,1.46051)     (0.0239114,0.460474,1.54129)     (0.0544869,0.277861,1.48977)     (0.0652295,0.223824,1.46883)     (0.435373,0.519838,1.40241)     (0.51425,0.353545,1.42063)     (0.553978,0.181991,1.40638)     (0.556686,0.118332,1.42122)     (0.202329,0.295299,1.39057)     (0.139367,0.0748778,1.31854)     (0.0506879,0.153594,1.44265)     (0.0939039,0.10854,1.39233)     (0.359914,0.294556,1.37821)     (0.439758,0.0602199,1.39451)     (0.216676,0.0960184,1.31527)     (0.3156,0.0696818,1.34936)     
End frame 114;
At time 1415089577 Begin frame 115: (0.27793,0.376134,1.33896)     (0.274789,0.397186,1.33186)     (0.264879,0.511081,1.28843)     (0.240405,0.545581,1.18288)     (0.0362398,0.54333,1.47496)     (0.0321318,0.414792,1.50859)     (0.0539045,0.258388,1.46088)     (0.0673212,0.205187,1.44276)     (0.442503,0.513404,1.3865)     (0.520675,0.344142,1.38138)     (0.553275,0.165963,1.36849)     (0.565392,0.108883,1.37197)     (0.205005,0.29569,1.38136)     (0.136039,0.0815184,1.29005)     (0.159495,0.146988,1.42256)     (0.186883,0.0926008,1.37574)     (0.367917,0.295718,1.36819)     (0.435315,0.0587351,1.37715)     (0.209149,0.0871978,1.29742)     (0.308687,0.067623,1.33177)     
End frame 115;
At time 1415089577 Begin frame 116: (0.279449,0.378996,1.331)     (0.276138,0.399362,1.32375)     (0.264358,0.508568,1.28203)     (0.241795,0.542431,1.1754)     (0.028979,0.546035,1.48333)     (0.0379783,0.389495,1.48215)     (0.0533715,0.239488,1.42915)     (0.067293,0.187463,1.41628)     (0.451498,0.506428,1.3692)     (0.525159,0.335452,1.34916)     (0.550138,0.15269,1.31818)     (0.560323,0.0907156,1.31869)     (0.208726,0.296619,1.37067)     (0.132545,0.086244,1.27097)     (0.214595,0.133356,1.41322)     (0.23013,0.0767929,1.36679)     (0.375903,0.296124,1.35781)     (0.432856,0.0572759,1.36532)     (0.214576,0.0706938,1.27733)     (0.307325,0.0620343,1.31398)     
End frame 116;
At time 1415089577 Begin frame 117: (0.276844,0.391173,1.30997)     (0.273644,0.407654,1.30553)     (0.26022,0.505052,1.27348)     (0.241402,0.538819,1.16677)     (0.0258296,0.547519,1.48697)     (0.0402472,0.378096,1.45918)     (0.0482958,0.243438,1.39755)     (0.0620944,0.187186,1.38926)     (0.499398,0.49469,1.35772)     (0.53737,0.319723,1.30841)     (0.539646,0.141375,1.26464)     (0.543594,0.0816138,1.26219)     (0.210212,0.299005,1.35682)     (0.157625,0.0914409,1.22721)     (0.235304,0.118145,1.4024)     (0.252083,0.0614516,1.35662)     (0.385998,0.298331,1.34011)     (0.431026,0.0572086,1.3566)     (0.228187,0.0458767,1.26127)     (0.308386,0.0494365,1.29704)     
End frame 117;
At time 1415089577 Begin frame 118: (0.274278,0.399696,1.29451)     (0.27063,0.414528,1.28983)     (0.253632,0.500339,1.26216)     (0.239235,0.53439,1.15611)     (0.0258863,0.546634,1.48465)     (0.0435571,0.376135,1.44906)     (0.0433396,0.254029,1.36816)     (0.0529978,0.196478,1.35673)     (0.522495,0.485704,1.3438)     (0.541854,0.310181,1.26829)     (0.524362,0.138883,1.20986)     (0.519044,0.0841031,1.20474)     (0.20863,0.304033,1.33724)     (0.179851,0.0876713,1.18909)     (0.243459,0.111108,1.38724)     (0.263875,0.0534125,1.34851)     (0.394451,0.301064,1.32441)     (0.452533,0.047628,1.36176)     (0.285579,0.0116482,1.24492)     (0.297305,0.00241765,1.22335)     
End frame 118;
At time 1415089577 Begin frame 119: (0.27042,0.404493,1.27797)     (0.266311,0.418225,1.27244)     (0.245776,0.493471,1.24668)     (0.235363,0.528285,1.14196)     (0.0271176,0.54348,1.47764)     (0.0419573,0.386016,1.40666)     (0.0426187,0.25001,1.34546)     (0.0504373,0.193319,1.33804)     (0.535433,0.470271,1.30839)     (0.539545,0.298279,1.21782)     (0.506013,0.142783,1.15409)     (0.496524,0.0958415,1.14692)     (0.201122,0.306267,1.31058)     (0.187702,0.086474,1.17267)     (0.240617,0.105829,1.37208)     (0.266542,0.0467491,1.33854)     (0.400012,0.300815,1.30797)     (0.461422,0.0433598,1.36216)     (0.320042,-0.00691923,1.23661)     (0.290052,-0.0180031,1.19053)     
End frame 119;
At time 1415089577 Begin frame 120: (0.26435,0.405466,1.25805)     (0.260131,0.41835,1.25207)     (0.237982,0.485169,1.22826)     (0.230171,0.520726,1.1247)     (0.0279664,0.540163,1.46505)     (0.0443693,0.38885,1.39771)     (0.0328592,0.282529,1.30252)     (0.0309148,0.239191,1.27701)     (0.536465,0.457224,1.27216)     (0.530796,0.2919,1.16769)     (0.488175,0.15898,1.10307)     (0.476523,0.112264,1.09427)     (0.192991,0.306421,1.28872)     (0.192169,0.086141,1.1614)     (0.224385,0.105017,1.35515)     (0.254146,0.045757,1.32137)     (0.400401,0.295649,1.28413)     (0.468167,0.0389222,1.36104)     (0.336848,-0.00564117,1.22725)     (0.28719,-0.0232008,1.16969)     
End frame 120;
At time 1415089577 Begin frame 121: (0.25701,0.401742,1.23503)     (0.252911,0.414137,1.22874)     (0.230542,0.475202,1.20563)     (0.22393,0.511495,1.10342)     (0.028487,0.536199,1.44441)     (0.0459579,0.390983,1.3942)     (0.0307505,0.292271,1.2764)     (0.0252987,0.252352,1.24186)     (0.530205,0.44075,1.22272)     (0.517553,0.280959,1.11341)     (0.467658,0.167273,1.05238)     (0.455513,0.124657,1.04751)     (0.184484,0.304026,1.26835)     (0.19292,0.0839494,1.14747)     (0.208589,0.104363,1.33445)     (0.242032,0.0436391,1.30334)     (0.396175,0.287273,1.25769)     (0.473556,0.035453,1.35847)     (0.34761,0.00261969,1.21697)     (0.286456,-0.0235775,1.15416)     
End frame 121;
At time 1415089577 Begin frame 122: (0.248296,0.391338,1.20763)     (0.244666,0.404037,1.20156)     (0.223966,0.464284,1.18005)     (0.217243,0.501024,1.07882)     (0.0284085,0.528518,1.42109)     (0.068882,0.399345,1.38514)     (0.0282563,0.301892,1.24827)     (0.0164662,0.264001,1.21114)     (0.515176,0.425892,1.17864)     (0.502576,0.293153,1.07068)     (0.452281,0.177819,1.01473)     (0.438163,0.132036,1.00985)     (0.173419,0.297089,1.24424)     (0.190263,0.0779644,1.13543)     (0.194494,0.101845,1.31813)     (0.227826,0.0423859,1.2829)     (0.384774,0.27351,1.22429)     (0.47773,0.0297042,1.34272)     (0.342927,0.0259232,1.20123)     (0.281791,0.0013634,1.13517)     
End frame 122;
At time 1415089577 Begin frame 123: (0.239893,0.380116,1.18212)     (0.236835,0.393141,1.17627)     (0.218749,0.454186,1.15579)     (0.211017,0.490676,1.05412)     (0.0269924,0.517274,1.39291)     (0.0770015,0.401036,1.38014)     (0.0279652,0.310368,1.22859)     (0.0114063,0.275287,1.18765)     (0.497521,0.408637,1.13126)     (0.487557,0.298463,1.0359)     (0.438282,0.187518,0.985095)     (0.424091,0.136165,0.981046)     (0.160266,0.288675,1.21796)     (0.181473,0.0677165,1.12157)     (0.1784,0.09202,1.30214)     (0.211924,0.0364565,1.2602)     (0.372763,0.261294,1.19743)     (0.481135,0.0266276,1.32796)     (0.35046,0.0480377,1.17286)     (0.288642,0.0161489,1.11652)     
End frame 123;
At time 1415089577 Begin frame 124: (0.211806,0.332824,1.19869)     (0.202539,0.341793,1.2091)     (0.150331,0.399557,1.25726)     (0.151467,0.4402,1.11554)     (0.0243836,0.504724,1.36063)     (0.084354,0.399354,1.36576)     (0.0258376,0.311385,1.19407)     (0.00604069,0.280821,1.1586)     (0.449343,0.38537,1.15165)     (0.473529,0.3362,1.01563)     (0.422562,0.20121,0.953639)     (0.410668,0.143446,0.95371)     (0.152655,0.27679,1.19332)     (0.177208,0.0589113,1.11125)     (0.16403,0.0819686,1.28643)     (0.143297,0.0571839,1.21794)     (0.358928,0.24324,1.16515)     (0.481704,0.0138063,1.29874)     (0.360166,0.0874566,1.15118)     (0.321214,0.0985192,1.09693)     
End frame 124;
At time 1415089577 Begin frame 125: (0.194379,0.304794,1.2015)     (0.182216,0.312654,1.21581)     (0.123706,0.379052,1.26971)     (0.116143,0.413249,1.14619)     (0.0205047,0.490629,1.32753)     (0.0893692,0.392121,1.34047)     (0.0230146,0.305624,1.15945)     (0.00140086,0.280922,1.12848)     (0.435354,0.375344,1.13704)     (0.462532,0.354895,1.00132)     (0.410368,0.209974,0.929199)     (0.390957,0.151493,0.917834)     (0.142981,0.264861,1.16576)     (0.173531,0.0487004,1.10002)     (0.14873,0.07209,1.26962)     (0.105345,0.0663347,1.18974)     (0.350963,0.23145,1.14184)     (0.47797,0.00367151,1.26162)     (0.373774,0.111015,1.11492)     (0.351271,0.146938,1.06104)     
End frame 125;
At time 1415089577 Begin frame 126: (0.182603,0.273685,1.17556)     (0.168387,0.282881,1.19651)     (0.101405,0.3633,1.2724)     (0.0971635,0.398896,1.14997)     (0.0300115,0.463906,1.25206)     (0.0303857,0.321061,1.17723)     (0.0164929,0.235519,1.08404)     (0.00662213,0.205839,1.0599)     (0.406604,0.352913,1.11363)     (0.444243,0.361219,0.969283)     (0.396779,0.216589,0.901448)     (0.376644,0.15857,0.89125)     (0.135152,0.246459,1.12694)     (0.163639,0.0293237,1.0738)     (0.134312,0.0601646,1.2415)     (0.0821557,0.0691608,1.16268)     (0.339248,0.208845,1.09947)     (0.47555,-0.00284599,1.24055)     (0.375389,0.0944888,1.07161)     (0.36289,0.151896,1.03097)     
End frame 126;
At time 1415089577 Begin frame 127: (0.177061,0.256182,1.15374)     (0.162231,0.265649,1.17746)     (0.0891998,0.3515,1.24428)     (0.0828411,0.38662,1.13975)     (0.033666,0.443834,1.19615)     (0.0126962,0.295313,1.10865)     (0.0136931,0.192308,1.02479)     (0.0134063,0.158607,1.00098)     (0.395431,0.342697,1.10042)     (0.421211,0.352095,0.930137)     (0.385254,0.221186,0.876944)     (0.363044,0.163743,0.862335)     (0.131495,0.231333,1.10139)     (0.157061,0.0110048,1.04368)     (0.113717,0.0462616,1.2041)     (0.0626867,0.0688128,1.13169)     (0.331907,0.194373,1.07375)     (0.438736,-0.0200037,1.15902)     (0.483131,0.111466,1.1876)     (0.450801,0.0929535,1.12967)     
End frame 127;
At time 1415089577 Begin frame 128: (0.172518,0.238844,1.1174)     (0.158284,0.248901,1.14117)     (0.0786836,0.33754,1.20048)     (0.0698789,0.371858,1.09789)     (0.0301903,0.42829,1.15598)     (-0.00880779,0.270505,1.04721)     (0.010694,0.168513,0.987566)     (0.0149636,0.13332,0.964546)     (0.385204,0.328701,1.07146)     (0.402981,0.336398,0.892983)     (0.372804,0.202425,0.838716)     (0.35149,0.161995,0.843944)     (0.13049,0.211475,1.07575)     (0.157447,-0.00633175,0.984129)     (0.0450161,0.018668,1.10247)     (0.00311346,0.0726088,1.04657)     (0.324353,0.180759,1.0498)     (0.452025,-0.0180739,1.1081)     (0.474222,0.162602,1.10794)     (0.467561,0.175573,1.07277)     
End frame 128;
At time 1415089577 Begin frame 129: (0.172994,0.215758,1.07751)     (0.161234,0.227485,1.10012)     (0.0791671,0.315216,1.14394)     (0.066326,0.347112,1.03705)     (0.0234849,0.412017,1.11742)     (-0.0200724,0.252272,1.01135)     (0.0120467,0.152066,0.931965)     (0.0204504,0.120124,0.918852)     (0.36294,0.33165,1.00225)     (0.376073,0.295102,0.84666)     (0.334704,0.17287,0.808123)     (0.314881,0.138034,0.809327)     (0.139939,0.174893,1.04479)     (0.138689,-0.0362675,0.939632)     (0.0329457,0.00734903,1.07407)     (-0.00431708,0.0677941,1.01848)     (0.315468,0.167971,1.02922)     (0.464615,-0.0139126,1.04986)     (0.341364,-0.0107637,0.976602)     (0.335102,0.0233302,0.936725)     
End frame 129;
At time 1415089577 Begin frame 130: (0.181819,0.190877,1.03333)     (0.168428,0.207492,1.06001)     (0.0775803,0.308252,1.10837)     (0.0623492,0.338836,1.00744)     (0.0114991,0.354956,1.05218)     (-0.0373425,0.215768,0.962642)     (0.044686,0.293057,0.993187)     (0.0647571,0.291735,0.982228)     (0.314205,0.330496,0.94755)     (0.36463,0.284941,0.825353)     (0.325518,0.164339,0.79739)     (0.308729,0.124902,0.79935)     (0.148882,0.142987,1.0134)     (0.117634,-0.0622707,0.914185)     (0.0906729,-0.0255259,1.05544)     (0.0554433,0.0375747,1.00675)     (0.309332,0.157262,1.00727)     (0.466882,-0.02209,0.984881)     (0.3163,-0.0323813,0.983616)     (0.341757,-0.0134275,0.981075)     
End frame 130;
At time 1415089577 Begin frame 131: (0.186624,0.175328,1.00568)     (0.17208,0.194729,1.03231)     (0.0660209,0.306949,1.07335)     (0.0531452,0.335246,0.975862)     (0.00576412,0.318079,1.01277)     (-0.0448055,0.20565,0.939714)     (0.0599038,0.297757,0.947771)     (0.0951982,0.329718,0.956878)     (0.270454,0.328238,0.91116)     (0.344438,0.273141,0.807626)     (0.25155,0.177522,0.80292)     (0.21774,0.153433,0.813976)     (0.15487,0.125239,0.99402)     (0.0380239,-0.0570513,0.890401)     (0.0616083,-0.00706257,1.0424)     (0.0518167,0.0366573,0.990132)     (0.300495,0.148,0.983491)     (0.458217,-0.030009,0.91581)     (0.280545,-0.0816506,0.977051)     (0.325037,-0.0476108,0.991226)     
End frame 131;
At time 1415089577 Begin frame 132: (0.186138,0.165168,0.983672)     (0.168926,0.185971,1.00944)     (0.0432319,0.310324,1.03382)     (0.0356143,0.336315,0.937727)     (-0.0100622,0.256006,0.947377)     (-0.0846036,0.172802,0.925324)     (0.0340151,0.224367,0.930853)     (0.087067,0.268636,0.931793)     (0.24904,0.322641,0.892776)     (0.33515,0.266392,0.796978)     (0.210465,0.200725,0.81302)     (0.166071,0.191355,0.826936)     (0.15548,0.111203,0.975942)     (-0.0247239,-0.0507812,0.887412)     (0.0154421,0.00989589,1.04692)     (0.0381768,0.0368036,0.982939)     (0.294532,0.142092,0.965395)     (0.445489,-0.0363965,0.86874)     (0.496075,-0.220543,0.825316)     (0.52312,-0.224432,0.77859)     
End frame 132;
At time 1415089578 Begin frame 133: (0.156981,0.169152,0.960021)     (0.138159,0.188698,0.985097)     (0.0167904,0.312941,1.00824)     (0.0144842,0.33806,0.909288)     (-0.0700933,0.24179,0.923595)     (-0.0560623,0.150885,0.8883)     (0.0517846,0.240808,0.937036)     (0.0951573,0.254817,0.976143)     (0.225076,0.307709,0.877112)     (0.329946,0.26473,0.790808)     (0.196393,0.208267,0.809611)     (0.149601,0.202068,0.822029)     (0.117752,0.109702,0.953313)     (-0.035689,-0.0675287,0.883636)     (0.0103547,-0.00574365,1.04761)     (0.0317716,0.0251097,0.981995)     (0.289222,0.139569,0.951997)     (0.44405,-0.0439581,0.813933)     (0.549552,-0.257454,0.716803)     (0.571499,-0.259719,0.661678)     
End frame 133;
At time 1415089578 Begin frame 134: (0.131152,0.174395,0.947395)     (0.113779,0.192418,0.972106)     (0.000626247,0.310972,0.990241)     (-0.0384624,0.306819,0.883735)     (-0.106637,0.225633,0.908028)     (-0.0361662,0.149634,0.850526)     (0.074065,0.242981,0.906738)     (0.115919,0.266176,0.936283)     (0.211091,0.297426,0.867305)     (0.323933,0.269128,0.784595)     (0.188721,0.213297,0.805285)     (0.144239,0.206165,0.814768)     (0.0810061,0.113008,0.939336)     (-0.0458785,-0.0759685,0.877766)     (0.00309434,-0.0165548,1.04411)     (0.0195739,0.0148461,0.97852)     (0.27779,0.138138,0.937265)     (0.449986,-7.8165e-005,0.73968)     (0.621592,-0.130247,0.59099)     (0.627675,-0.125457,0.522312)     
End frame 134;
At time 1415089578 Begin frame 135: (0.114078,0.174393,0.936733)     (0.0971954,0.192109,0.961819)     (-0.0101576,0.310164,0.979267)     (-0.0685437,0.289326,0.869726)     (-0.125816,0.211115,0.888713)     (-0.0251916,0.223851,0.816107)     (0.0806447,0.237617,0.892777)     (0.120539,0.237443,0.917119)     (0.16419,0.266465,0.865634)     (0.287212,0.294648,0.820275)     (0.354056,0.343339,0.817248)     (0.39373,0.368601,0.815288)     (0.0379476,0.112093,0.916064)     (-0.0235206,-0.105269,0.890068)     (0.0161523,-0.0505936,1.05733)     (0.015628,-0.00711767,0.99283)     (0.269301,0.136863,0.927349)     (0.375056,0.0217611,0.69075)     (0.269774,-0.108604,0.740628)     (0.220585,-0.125587,0.697531)     
End frame 135;
At time 1415089578 Begin frame 136: (0.0806671,0.139362,0.926431)     (0.0675758,0.159908,0.950659)     (-0.0148139,0.29904,0.965564)     (-0.0745114,0.28746,0.85694)     (-0.135964,0.203996,0.880355)     (-0.0276227,0.288287,0.809252)     (0.0792048,0.234529,0.878069)     (0.1066,0.209273,0.882415)     (0.125563,0.223994,0.867117)     (0.265213,0.312255,0.840272)     (0.382486,0.398247,0.820618)     (0.421637,0.426968,0.814258)     (0.00904001,0.0791292,0.930919)     (-0.0711904,-0.123201,0.87747)     (-0.0488163,-0.0764897,1.04318)     (-0.0519875,-0.0331455,0.978071)     (0.210866,0.0930121,0.89371)     (0.287034,0.238811,0.807671)     (0.183085,0.127268,0.865527)     (0.183315,0.0663406,0.880276)     
End frame 136;
At time 1415089578 Begin frame 137: (0.0673014,0.114862,0.921188)     (0.0567459,0.135131,0.941752)     (0.0103222,0.252023,0.930272)     (-0.0671613,0.294138,0.851664)     (-0.118303,0.178382,0.862184)     (-0.0799827,0.309534,0.820651)     (0.0623763,0.227801,0.848044)     (0.090694,0.191944,0.833296)     (0.0985715,0.195662,0.868027)     (0.233688,0.275497,0.84984)     (0.297426,0.376024,0.899142)     (0.29975,0.400232,0.925929)     (0.00474627,0.0494739,0.950809)     (-0.105783,-0.127593,0.876436)     (-0.0909297,-0.0835558,1.04212)     (-0.0892865,-0.0461852,0.974335)     (0.17075,0.0624183,0.872865)     (0.242674,0.309873,0.81741)     (0.103083,0.189823,0.887944)     (0.104186,0.112559,0.912505)     
End frame 137;
At time 1415089578 Begin frame 138: (0.0348646,0.0858207,0.924935)     (0.0337757,0.111664,0.939555)     (0.0187529,0.22614,0.914385)     (-0.0620727,0.297409,0.844931)     (-0.113213,0.166135,0.854095)     (-0.10103,0.325367,0.821585)     (0.0503714,0.225609,0.830391)     (0.0796983,0.18814,0.80993)     (0.0685546,0.159734,0.870169)     (0.206047,0.245604,0.848204)     (0.147675,0.29594,0.83639)     (0.0794865,0.274705,0.812519)     (-0.0398938,0.0292948,0.97239)     (-0.0603061,-0.13712,0.833842)     (0.0884993,0.0694644,0.857387)     (0.125726,0.035234,0.845838)     (0.12746,0.0368189,0.873263)     (0.139931,0.357766,0.889131)     (-0.0263637,0.237852,0.978478)     (-0.00011117,0.159221,1.01239)     
End frame 138;
At time 1415089578 Begin frame 139: (0.0401001,0.0844173,1.00701)     (0.0313805,0.11334,1.0003)     (0.0119617,0.215577,0.91051)     (-0.0599787,0.299133,0.840531)     (-0.114029,0.159794,0.849751)     (-0.117625,0.330897,0.824622)     (0.0304922,0.228358,0.818688)     (0.0543247,0.19883,0.799732)     (0.0556399,0.145023,0.8703)     (0.186148,0.214435,0.841477)     (0.0780403,0.261233,0.838866)     (0.0442009,0.278799,0.841198)     (-0.0210881,0.0431842,1.06367)     (-0.085248,-0.149169,1.06191)     (0.0281402,0.0132627,0.888762)     (0.0580124,0.00976314,0.86584)     (0.132049,0.0565402,1.00274)     (0.138974,0.303327,0.867777)     (0.0021347,0.171014,0.931181)     (0.0488418,0.149916,0.967916)     
End frame 139;
At time 1415089578 Begin frame 140: (-0.0147144,0.150656,0.75963)     (-0.0259117,0.154524,0.798825)     (-0.0590865,0.235964,0.91629)     (-0.0904829,0.311504,0.827933)     (-0.161732,0.172496,0.851928)     (-0.186822,0.337491,0.828612)     (-0.043958,0.292453,0.812055)     (-0.00595396,0.281051,0.803895)     (0.0140835,0.144331,0.866876)     (0.122978,0.141483,0.837479)     (-0.0152799,0.198953,0.870983)     (-0.053636,0.219387,0.890931)     (-0.0295499,0.138776,0.716087)     (-0.0557742,0.0770521,0.952193)     (0.0599564,0.178783,0.733348)     (0.0791046,0.233455,0.698107)     (0.0289381,0.123837,0.70794)     (0.118828,0.334317,0.869237)     (0.21941,0.400334,0.970776)     (0.244353,0.449578,0.976041)     
End frame 140;
At time 1415089578 Begin frame 141: (0,0,0)     (0,0,0)     (-0.099393,0.240454,0.907858)     (-0.111013,0.319243,0.816799)     (-0.190831,0.178087,0.847965)     (-0.219677,0.337247,0.824746)     (-0.105546,0.315216,0.845041)     (-0.0590232,0.31353,0.836151)     (-0.012194,0.144618,0.859593)     (0.0898977,0.106154,0.828672)     (-0.0291554,0.178,0.882126)     (-0.0597484,0.204362,0.904744)     (0,0,0)     (0,0,0)     (0.0292586,0.16428,0.304086)     (0.0321355,0.187054,0.367906)     (0,0,0)     (-0.0322494,0.123701,0.372211)     (-0.144942,0.0314895,0.418954)     (-0.1436,0.0591714,0.485164)     
End frame 141;
At time 1415089578 Begin frame 142: (0,0,0)     (0,0,0)     (0,0,0)     (-0.0417294,0.0959195,0.300312)     (-0.176484,0.208236,0.849636)     (-0.214985,0.355421,0.822049)     (-0.175394,0.455625,0.815122)     (-0.156254,0.489904,0.808104)     (-0.0172659,0.107216,0.861444)     (0.0855673,0.0451568,0.830617)     (-0.0263389,0.110626,0.857998)     (-0.0069222,0.161028,0.844659)     (0,0,0)     (0,0,0)     (0.0133447,0.0806208,0.234543)     (0.0145444,0.0906991,0.311506)     (0,0,0)     (0,0,0)     (-0.0661714,0.0833117,0.308713)     (-0.029415,0.0821505,0.357773)     
End frame 142;
